2020-07-18 09:08:31
Params: PW_CP 120T 1000R
start_time = 1.595095276874405e9
iter = 1
========================================================================
PartsCountC=[1.0, 1.0, 1.0, 1.0, 1.0, 1.0, 1.0, 1.0, 1.0, 1.0, 1.0, 1.0, 1.0, 1.0, 1.0, 1.0, 1.0, 1.0, 1.0, 1.0, 1.0, 1.0, 1.0, 1.0, 1.0, 1.0, 1.0, 1.0, 1.0, 1.0, 1.0, 1.0, 1.0, 1.0, 1.0, 1.0, 1.0, 1.0, 1.0, 1.0, 1.0, 1.0, 1.0, 1.0, 1.0, 1.0, 1.0, 1.0, 1.0, 1.0, 1.0, 1.0, 1.0, 1.0, 1.0, 1.0, 1.0, 1.0, 1.0, 1.0, 1.0, 1.0, 1.0, 1.0, 1.0, 1.0, 1.0, 1.0, 1.0, 1.0, 1.0, 1.0, 1.0, 1.0, 1.0, 1.0, 1.0, 1.0, 1.0, 1.0, 1.0, 1.0, 1.0, 1.0, 1.0, 1.0, 1.0, 1.0, 1.0, 1.0, 1.0, 1.0, 1.0, 1.0, 1.0, 1.0, 1.0, 1.0, 1.0, 1.0, 1.0, 1.0, 1.0, 1.0, 1.0, 1.0, 1.0, 1.0, 1.0, 1.0, 1.0, 1.0, 1.0, 1.0, 1.0, 1.0, 1.0, 1.0, 1.0, 1.0]
PartsCount=[1.0, 1.0, 1.0, 1.0, 1.0, 1.0, 1.0, 1.0, 1.0, 1.0, 1.0, 1.0, 1.0, 1.0, 1.0, 1.0, 1.0, 1.0, 1.0, 1.0, 1.0, 1.0, 1.0, 1.0, 1.0, 1.0, 1.0, 1.0, 1.0, 1.0, 1.0, 1.0, 1.0, 1.0, 1.0, 1.0, 1.0, 1.0, 1.0, 1.0, 1.0, 1.0, 1.0, 1.0, 1.0, 1.0, 1.0, 1.0, 1.0, 1.0, 1.0, 1.0, 1.0, 1.0, 1.0, 1.0, 1.0, 1.0, 1.0, 1.0, 1.0, 1.0, 1.0, 1.0, 1.0, 1.0, 1.0, 1.0, 1.0, 1.0, 1.0, 1.0, 1.0, 1.0, 1.0, 1.0, 1.0, 1.0, 1.0, 1.0, 1.0, 1.0, 1.0, 1.0, 1.0, 1.0, 1.0, 1.0, 1.0, 1.0, 1.0, 1.0, 1.0, 1.0, 1.0, 1.0, 1.0, 1.0, 1.0, 1.0, 1.0, 1.0, 1.0, 1.0, 1.0, 1.0, 1.0, 1.0, 1.0, 1.0, 1.0, 1.0, 1.0, 1.0, 1.0, 1.0, 1.0, 1.0, 1.0, 1.0]
========================================================================
LB = 0.0
UB = 3.883387196646582e7
========================================================================
========================================================================
########################################################################
 
iter = 2
========================================================================
PartsCountC=[1.0, 1.0, 1.0, 1.0, 1.0, 1.0, 1.0, 1.0, 1.0, 1.0, 1.0, 1.0, 1.0, 1.0, 1.0, 1.0, 1.0, 1.0, 1.0, 1.0, 1.0, 1.0, 1.0, 1.0, 1.0, 1.0, 1.0, 1.0, 1.0, 1.0, 1.0, 1.0, 1.0, 1.0, 1.0, 1.0, 1.0, 1.0, 1.0, 1.0, 1.0, 1.0, 1.0, 1.0, 1.0, 1.0, 1.0, 1.0, 1.0, 1.0, 1.0, 1.0, 1.0, 1.0, 1.0, 1.0, 1.0, 1.0, 1.0, 1.0, 1.0, 1.0, 1.0, 1.0, 1.0, 1.0, 1.0, 1.0, 1.0, 1.0, 1.0, 1.0, 1.0, 1.0, 1.0, 1.0, 1.0, 1.0, 1.0, 1.0, 1.0, 1.0, 1.0, 1.0, 1.0, 1.0, 1.0, 1.0, 1.0, 1.0, 1.0, 1.0, 1.0, 1.0, 1.0, 1.0, 1.0, 1.0, 1.0, 1.0, 1.0, 1.0, 1.0, 1.0, 1.0, 1.0, 1.0, 1.0, 1.0, 1.0, 1.0, 1.0, 1.0, 1.0, 1.0, 1.0, 1.0, 1.0, 1.0, 1.0]
PartsCount=[1.0, 1.0, 1.0, 1.0, 10.0, 9.0, 50.0, 6.0, 13.0, 38.0, 102.0, 123.0, 11.0, 40.0, 72.0, 26.0, 10.0, 22.0, 1.0, 3.0, 19.0, 40.0, 94.0, 43.0, 1.0, 1.0, 1.0, 29.0, 8.0, 24.0, 4.0, 3.0, 18.0, 45.0, 92.0, 33.0, 1.0, 3.0, 36.0, 19.0, 16.0, 18.0, 1.0, 3.0, 14.0, 35.0, 87.0, 69.0, 55.0, 42.0, 52.0, 11.0, 6.0, 42.0, 19.0, 1.0, 16.0, 42.0, 89.0, 31.0, 3.0, 13.0, 84.0, 22.0, 12.0, 29.0, 11.0, 1.0, 13.0, 40.0, 85.0, 60.0, 34.0, 103.0, 40.0, 19.0, 10.0, 24.0, 1.0, 1.0, 15.0, 28.0, 84.0, 83.0, 4.0, 48.0, 31.0, 22.0, 14.0, 10.0, 14.0, 4.0, 10.0, 30.0, 98.0, 41.0, 4.0, 16.0, 20.0, 19.0, 16.0, 78.0, 1.0, 5.0, 18.0, 39.0, 99.0, 34.0, 1.0, 1.0, 1.0, 1.0, 16.0, 11.0, 22.0, 1.0, 13.0, 34.0, 103.0, 34.0]
========================================================================
LB = 0.0
UB = 1.6460321150453584e7
========================================================================
========================================================================
########################################################################
 
iter = 3
========================================================================
PartsCountC=[1.0, 1.0, 1.0, 1.0, 10.0, 9.0, 50.0, 6.0, 13.0, 38.0, 102.0, 123.0, 11.0, 40.0, 72.0, 26.0, 10.0, 22.0, 1.0, 3.0, 19.0, 40.0, 94.0, 43.0, 1.0, 1.0, 1.0, 29.0, 8.0, 24.0, 4.0, 3.0, 18.0, 45.0, 92.0, 33.0, 1.0, 3.0, 36.0, 19.0, 16.0, 18.0, 1.0, 3.0, 14.0, 35.0, 87.0, 69.0, 55.0, 42.0, 52.0, 11.0, 6.0, 42.0, 19.0, 1.0, 16.0, 42.0, 89.0, 31.0, 3.0, 13.0, 84.0, 22.0, 12.0, 29.0, 11.0, 1.0, 13.0, 40.0, 85.0, 60.0, 34.0, 103.0, 40.0, 19.0, 10.0, 24.0, 1.0, 1.0, 15.0, 28.0, 84.0, 83.0, 4.0, 48.0, 31.0, 22.0, 14.0, 10.0, 14.0, 4.0, 10.0, 30.0, 98.0, 41.0, 4.0, 16.0, 20.0, 19.0, 16.0, 78.0, 1.0, 5.0, 18.0, 39.0, 99.0, 34.0, 1.0, 1.0, 1.0, 1.0, 16.0, 11.0, 22.0, 1.0, 13.0, 34.0, 103.0, 34.0]
PartsCount=[1.0, 1.0, 44.0, 11.0, 10.0, 30.0, 51.0, 6.0, 43.0, 197.0, 185.0, 125.0, 20.0, 40.0, 72.0, 30.0, 11.0, 26.0, 7.0, 36.0, 68.0, 65.0, 227.0, 82.0, 36.0, 40.0, 15.0, 100.0, 13.0, 24.0, 4.0, 7.0, 42.0, 286.0, 234.0, 155.0, 30.0, 22.0, 126.0, 28.0, 19.0, 26.0, 10.0, 7.0, 28.0, 113.0, 92.0, 69.0, 55.0, 42.0, 52.0, 11.0, 6.0, 58.0, 22.0, 1.0, 39.0, 199.0, 100.0, 31.0, 3.0, 13.0, 84.0, 22.0, 12.0, 29.0, 33.0, 6.0, 86.0, 77.0, 142.0, 176.0, 72.0, 108.0, 40.0, 23.0, 11.0, 41.0, 1.0, 1.0, 20.0, 40.0, 125.0, 274.0, 7.0, 48.0, 31.0, 29.0, 14.0, 10.0, 21.0, 5.0, 48.0, 94.0, 117.0, 41.0, 17.0, 19.0, 48.0, 19.0, 16.0, 78.0, 14.0, 10.0, 35.0, 50.0, 114.0, 93.0, 57.0, 17.0, 49.0, 73.0, 17.0, 11.0, 22.0, 1.0, 33.0, 63.0, 103.0, 34.0]
========================================================================
LB = 0.00017201273483891805
UB = 5.247370965883858e6
========================================================================
========================================================================
########################################################################
 
iter = 4
========================================================================
PartsCountC=[1.0, 1.0, 44.0, 11.0, 10.0, 30.0, 51.0, 6.0, 43.0, 197.0, 185.0, 125.0, 20.0, 40.0, 72.0, 30.0, 11.0, 26.0, 7.0, 36.0, 68.0, 65.0, 227.0, 82.0, 36.0, 40.0, 15.0, 100.0, 13.0, 24.0, 4.0, 7.0, 42.0, 286.0, 234.0, 155.0, 30.0, 22.0, 126.0, 28.0, 19.0, 26.0, 10.0, 7.0, 28.0, 113.0, 92.0, 69.0, 55.0, 42.0, 52.0, 11.0, 6.0, 58.0, 22.0, 1.0, 39.0, 199.0, 100.0, 31.0, 3.0, 13.0, 84.0, 22.0, 12.0, 29.0, 33.0, 6.0, 86.0, 77.0, 142.0, 176.0, 72.0, 108.0, 40.0, 23.0, 11.0, 41.0, 1.0, 1.0, 20.0, 40.0, 125.0, 274.0, 7.0, 48.0, 31.0, 29.0, 14.0, 10.0, 21.0, 5.0, 48.0, 94.0, 117.0, 41.0, 17.0, 19.0, 48.0, 19.0, 16.0, 78.0, 14.0, 10.0, 35.0, 50.0, 114.0, 93.0, 57.0, 17.0, 49.0, 73.0, 17.0, 11.0, 22.0, 1.0, 33.0, 63.0, 103.0, 34.0]
PartsCount=[1.0, 1.0, 44.0, 11.0, 11.0, 34.0, 55.0, 19.0, 185.0, 202.0, 195.0, 209.0, 353.0, 104.0, 111.0, 117.0, 32.0, 35.0, 7.0, 36.0, 82.0, 316.0, 228.0, 225.0, 80.0, 40.0, 15.0, 109.0, 32.0, 36.0, 5.0, 7.0, 63.0, 469.0, 245.0, 171.0, 38.0, 22.0, 126.0, 28.0, 20.0, 28.0, 14.0, 31.0, 54.0, 119.0, 115.0, 69.0, 70.0, 47.0, 53.0, 11.0, 6.0, 60.0, 26.0, 12.0, 112.0, 313.0, 243.0, 42.0, 23.0, 37.0, 92.0, 22.0, 22.0, 37.0, 33.0, 8.0, 122.0, 123.0, 330.0, 182.0, 76.0, 108.0, 40.0, 23.0, 11.0, 41.0, 13.0, 4.0, 53.0, 122.0, 173.0, 274.0, 15.0, 66.0, 66.0, 29.0, 49.0, 18.0, 25.0, 5.0, 56.0, 112.0, 242.0, 180.0, 32.0, 53.0, 282.0, 31.0, 22.0, 78.0, 24.0, 15.0, 55.0, 124.0, 126.0, 138.0, 60.0, 91.0, 62.0, 73.0, 26.0, 13.0, 22.0, 11.0, 153.0, 388.0, 306.0, 34.0]
========================================================================
LB = 0.00017201273483891805
UB = 2.8079283439360033e6
========================================================================
========================================================================
########################################################################
 
iter = 5
========================================================================
PartsCountC=[1.0, 1.0, 44.0, 11.0, 11.0, 34.0, 55.0, 19.0, 185.0, 202.0, 195.0, 209.0, 353.0, 104.0, 111.0, 117.0, 32.0, 35.0, 7.0, 36.0, 82.0, 316.0, 228.0, 225.0, 80.0, 40.0, 15.0, 109.0, 32.0, 36.0, 5.0, 7.0, 63.0, 469.0, 245.0, 171.0, 38.0, 22.0, 126.0, 28.0, 20.0, 28.0, 14.0, 31.0, 54.0, 119.0, 115.0, 69.0, 70.0, 47.0, 53.0, 11.0, 6.0, 60.0, 26.0, 12.0, 112.0, 313.0, 243.0, 42.0, 23.0, 37.0, 92.0, 22.0, 22.0, 37.0, 33.0, 8.0, 122.0, 123.0, 330.0, 182.0, 76.0, 108.0, 40.0, 23.0, 11.0, 41.0, 13.0, 4.0, 53.0, 122.0, 173.0, 274.0, 15.0, 66.0, 66.0, 29.0, 49.0, 18.0, 25.0, 5.0, 56.0, 112.0, 242.0, 180.0, 32.0, 53.0, 282.0, 31.0, 22.0, 78.0, 24.0, 15.0, 55.0, 124.0, 126.0, 138.0, 60.0, 91.0, 62.0, 73.0, 26.0, 13.0, 22.0, 11.0, 153.0, 388.0, 306.0, 34.0]
PartsCount=[1.0, 3.0, 44.0, 11.0, 11.0, 35.0, 59.0, 23.0, 187.0, 437.0, 525.0, 585.0, 358.0, 137.0, 111.0, 117.0, 32.0, 35.0, 28.0, 53.0, 82.0, 448.0, 247.0, 286.0, 89.0, 48.0, 15.0, 112.0, 75.0, 48.0, 8.0, 11.0, 94.0, 721.0, 250.0, 208.0, 41.0, 129.0, 126.0, 28.0, 20.0, 42.0, 33.0, 32.0, 248.0, 149.0, 270.0, 233.0, 100.0, 172.0, 130.0, 16.0, 6.0, 60.0, 56.0, 12.0, 267.0, 317.0, 269.0, 57.0, 48.0, 80.0, 97.0, 22.0, 22.0, 37.0, 33.0, 10.0, 142.0, 264.0, 432.0, 211.0, 83.0, 123.0, 94.0, 44.0, 11.0, 42.0, 18.0, 10.0, 88.0, 136.0, 180.0, 304.0, 48.0, 96.0, 257.0, 60.0, 57.0, 19.0, 25.0, 8.0, 74.0, 193.0, 379.0, 186.0, 60.0, 76.0, 292.0, 55.0, 22.0, 78.0, 24.0, 21.0, 57.0, 165.0, 157.0, 479.0, 116.0, 91.0, 83.0, 84.0, 27.0, 18.0, 40.0, 26.0, 205.0, 529.0, 323.0, 34.0]
========================================================================
LB = 0.0011688910048399332
UB = 1.494027975390334e6
========================================================================
========================================================================
########################################################################
 
iter = 6
========================================================================
PartsCountC=[1.0, 3.0, 44.0, 11.0, 11.0, 35.0, 59.0, 23.0, 187.0, 437.0, 525.0, 585.0, 358.0, 137.0, 111.0, 117.0, 32.0, 35.0, 28.0, 53.0, 82.0, 448.0, 247.0, 286.0, 89.0, 48.0, 15.0, 112.0, 75.0, 48.0, 8.0, 11.0, 94.0, 721.0, 250.0, 208.0, 41.0, 129.0, 126.0, 28.0, 20.0, 42.0, 33.0, 32.0, 248.0, 149.0, 270.0, 233.0, 100.0, 172.0, 130.0, 16.0, 6.0, 60.0, 56.0, 12.0, 267.0, 317.0, 269.0, 57.0, 48.0, 80.0, 97.0, 22.0, 22.0, 37.0, 33.0, 10.0, 142.0, 264.0, 432.0, 211.0, 83.0, 123.0, 94.0, 44.0, 11.0, 42.0, 18.0, 10.0, 88.0, 136.0, 180.0, 304.0, 48.0, 96.0, 257.0, 60.0, 57.0, 19.0, 25.0, 8.0, 74.0, 193.0, 379.0, 186.0, 60.0, 76.0, 292.0, 55.0, 22.0, 78.0, 24.0, 21.0, 57.0, 165.0, 157.0, 479.0, 116.0, 91.0, 83.0, 84.0, 27.0, 18.0, 40.0, 26.0, 205.0, 529.0, 323.0, 34.0]
PartsCount=[1.0, 3.0, 44.0, 11.0, 11.0, 35.0, 59.0, 23.0, 187.0, 437.0, 538.0, 585.0, 403.0, 203.0, 111.0, 128.0, 32.0, 38.0, 30.0, 57.0, 120.0, 452.0, 386.0, 624.0, 110.0, 66.0, 15.0, 112.0, 77.0, 48.0, 8.0, 11.0, 99.0, 753.0, 337.0, 208.0, 67.0, 176.0, 171.0, 310.0, 94.0, 106.0, 44.0, 64.0, 262.0, 215.0, 596.0, 383.0, 509.0, 189.0, 141.0, 74.0, 18.0, 66.0, 59.0, 13.0, 267.0, 377.0, 336.0, 57.0, 48.0, 80.0, 97.0, 22.0, 22.0, 37.0, 35.0, 17.0, 146.0, 264.0, 512.0, 518.0, 90.0, 129.0, 158.0, 44.0, 11.0, 45.0, 23.0, 17.0, 88.0, 296.0, 325.0, 304.0, 622.0, 466.0, 561.0, 74.0, 57.0, 23.0, 33.0, 15.0, 139.0, 221.0, 611.0, 449.0, 85.0, 326.0, 519.0, 199.0, 54.0, 84.0, 42.0, 24.0, 66.0, 254.0, 248.0, 535.0, 154.0, 114.0, 136.0, 84.0, 30.0, 19.0, 41.0, 29.0, 235.0, 600.0, 566.0, 36.0]
========================================================================
LB = 0.0011688910048399332
UB = 1.0010868202129838e6
========================================================================
========================================================================
########################################################################
 
iter = 7
========================================================================
PartsCountC=[1.0, 3.0, 44.0, 11.0, 11.0, 35.0, 59.0, 23.0, 187.0, 437.0, 538.0, 585.0, 403.0, 203.0, 111.0, 128.0, 32.0, 38.0, 30.0, 57.0, 120.0, 452.0, 386.0, 624.0, 110.0, 66.0, 15.0, 112.0, 77.0, 48.0, 8.0, 11.0, 99.0, 753.0, 337.0, 208.0, 67.0, 176.0, 171.0, 310.0, 94.0, 106.0, 44.0, 64.0, 262.0, 215.0, 596.0, 383.0, 509.0, 189.0, 141.0, 74.0, 18.0, 66.0, 59.0, 13.0, 267.0, 377.0, 336.0, 57.0, 48.0, 80.0, 97.0, 22.0, 22.0, 37.0, 35.0, 17.0, 146.0, 264.0, 512.0, 518.0, 90.0, 129.0, 158.0, 44.0, 11.0, 45.0, 23.0, 17.0, 88.0, 296.0, 325.0, 304.0, 622.0, 466.0, 561.0, 74.0, 57.0, 23.0, 33.0, 15.0, 139.0, 221.0, 611.0, 449.0, 85.0, 326.0, 519.0, 199.0, 54.0, 84.0, 42.0, 24.0, 66.0, 254.0, 248.0, 535.0, 154.0, 114.0, 136.0, 84.0, 30.0, 19.0, 41.0, 29.0, 235.0, 600.0, 566.0, 36.0]
PartsCount=[1.0, 3.0, 45.0, 12.0, 11.0, 35.0, 59.0, 34.0, 371.0, 613.0, 572.0, 585.0, 429.0, 321.0, 111.0, 128.0, 35.0, 47.0, 31.0, 58.0, 180.0, 692.0, 401.0, 631.0, 338.0, 77.0, 35.0, 125.0, 123.0, 57.0, 12.0, 27.0, 163.0, 855.0, 490.0, 208.0, 86.0, 180.0, 717.0, 511.0, 95.0, 106.0, 44.0, 64.0, 264.0, 348.0, 652.0, 501.0, 521.0, 232.0, 141.0, 76.0, 20.0, 66.0, 59.0, 21.0, 276.0, 637.0, 538.0, 358.0, 84.0, 128.0, 122.0, 197.0, 56.0, 40.0, 35.0, 17.0, 170.0, 477.0, 877.0, 518.0, 96.0, 138.0, 158.0, 137.0, 52.0, 45.0, 26.0, 18.0, 88.0, 624.0, 331.0, 304.0, 622.0, 573.0, 660.0, 227.0, 71.0, 54.0, 33.0, 15.0, 165.0, 437.0, 726.0, 449.0, 188.0, 363.0, 570.0, 202.0, 55.0, 85.0, 42.0, 25.0, 133.0, 681.0, 396.0, 719.0, 156.0, 381.0, 688.0, 465.0, 160.0, 36.0, 47.0, 36.0, 316.0, 605.0, 832.0, 36.0]
========================================================================
LB = 0.001436123286439476
UB = 528574.5048160581
========================================================================
========================================================================
########################################################################
 
iter = 8
========================================================================
PartsCountC=[1.0, 3.0, 45.0, 12.0, 11.0, 35.0, 59.0, 34.0, 371.0, 613.0, 572.0, 585.0, 429.0, 321.0, 111.0, 128.0, 35.0, 47.0, 31.0, 58.0, 180.0, 692.0, 401.0, 631.0, 338.0, 77.0, 35.0, 125.0, 123.0, 57.0, 12.0, 27.0, 163.0, 855.0, 490.0, 208.0, 86.0, 180.0, 717.0, 511.0, 95.0, 106.0, 44.0, 64.0, 264.0, 348.0, 652.0, 501.0, 521.0, 232.0, 141.0, 76.0, 20.0, 66.0, 59.0, 21.0, 276.0, 637.0, 538.0, 358.0, 84.0, 128.0, 122.0, 197.0, 56.0, 40.0, 35.0, 17.0, 170.0, 477.0, 877.0, 518.0, 96.0, 138.0, 158.0, 137.0, 52.0, 45.0, 26.0, 18.0, 88.0, 624.0, 331.0, 304.0, 622.0, 573.0, 660.0, 227.0, 71.0, 54.0, 33.0, 15.0, 165.0, 437.0, 726.0, 449.0, 188.0, 363.0, 570.0, 202.0, 55.0, 85.0, 42.0, 25.0, 133.0, 681.0, 396.0, 719.0, 156.0, 381.0, 688.0, 465.0, 160.0, 36.0, 47.0, 36.0, 316.0, 605.0, 832.0, 36.0]
PartsCount=[1.0, 3.0, 45.0, 12.0, 11.0, 35.0, 59.0, 34.0, 371.0, 613.0, 595.0, 711.0, 461.0, 470.0, 452.0, 128.0, 35.0, 47.0, 33.0, 59.0, 239.0, 817.0, 418.0, 648.0, 368.0, 226.0, 83.0, 125.0, 127.0, 60.0, 17.0, 28.0, 164.0, 855.0, 784.0, 263.0, 211.0, 180.0, 717.0, 511.0, 96.0, 106.0, 45.0, 64.0, 281.0, 442.0, 660.0, 501.0, 553.0, 245.0, 346.0, 150.0, 20.0, 68.0, 59.0, 23.0, 284.0, 739.0, 709.0, 652.0, 91.0, 136.0, 122.0, 197.0, 56.0, 40.0, 35.0, 24.0, 206.0, 687.0, 881.0, 518.0, 99.0, 238.0, 158.0, 137.0, 53.0, 45.0, 26.0, 18.0, 90.0, 640.0, 340.0, 318.0, 625.0, 676.0, 697.0, 227.0, 71.0, 54.0, 36.0, 122.0, 316.0, 642.0, 733.0, 449.0, 264.0, 425.0, 655.0, 285.0, 57.0, 85.0, 48.0, 38.0, 133.0, 774.0, 715.0, 719.0, 942.0, 545.0, 858.0, 478.0, 224.0, 129.0, 59.0, 62.0, 539.0, 704.0, 905.0, 36.0]
========================================================================
LB = 0.001436123286439476
UB = 645440.4167504993
========================================================================
========================================================================
########################################################################
 
iter = 9
========================================================================
PartsCountC=[1.0, 3.0, 45.0, 12.0, 11.0, 35.0, 59.0, 34.0, 371.0, 613.0, 595.0, 711.0, 461.0, 470.0, 452.0, 128.0, 35.0, 47.0, 33.0, 59.0, 239.0, 817.0, 418.0, 648.0, 368.0, 226.0, 83.0, 125.0, 127.0, 60.0, 17.0, 28.0, 164.0, 855.0, 784.0, 263.0, 211.0, 180.0, 717.0, 511.0, 96.0, 106.0, 45.0, 64.0, 281.0, 442.0, 660.0, 501.0, 553.0, 245.0, 346.0, 150.0, 20.0, 68.0, 59.0, 23.0, 284.0, 739.0, 709.0, 652.0, 91.0, 136.0, 122.0, 197.0, 56.0, 40.0, 35.0, 24.0, 206.0, 687.0, 881.0, 518.0, 99.0, 238.0, 158.0, 137.0, 53.0, 45.0, 26.0, 18.0, 90.0, 640.0, 340.0, 318.0, 625.0, 676.0, 697.0, 227.0, 71.0, 54.0, 36.0, 122.0, 316.0, 642.0, 733.0, 449.0, 264.0, 425.0, 655.0, 285.0, 57.0, 85.0, 48.0, 38.0, 133.0, 774.0, 715.0, 719.0, 942.0, 545.0, 858.0, 478.0, 224.0, 129.0, 59.0, 62.0, 539.0, 704.0, 905.0, 36.0]
PartsCount=[1.0, 147.0, 47.0, 12.0, 11.0, 37.0, 59.0, 39.0, 372.0, 613.0, 654.0, 818.0, 494.0, 495.0, 619.0, 334.0, 77.0, 92.0, 43.0, 338.0, 272.0, 866.0, 760.0, 676.0, 451.0, 444.0, 94.0, 125.0, 127.0, 60.0, 17.0, 28.0, 275.0, 902.0, 864.0, 481.0, 531.0, 194.0, 717.0, 511.0, 96.0, 106.0, 45.0, 64.0, 281.0, 442.0, 788.0, 501.0, 553.0, 314.0, 782.0, 393.0, 55.0, 96.0, 59.0, 28.0, 297.0, 818.0, 715.0, 656.0, 143.0, 301.0, 153.0, 398.0, 168.0, 69.0, 45.0, 56.0, 329.0, 753.0, 933.0, 603.0, 127.0, 247.0, 180.0, 167.0, 53.0, 45.0, 26.0, 20.0, 288.0, 769.0, 558.0, 325.0, 652.0, 676.0, 744.0, 276.0, 73.0, 54.0, 41.0, 152.0, 322.0, 702.0, 843.0, 449.0, 544.0, 479.0, 673.0, 299.0, 60.0, 89.0, 51.0, 55.0, 351.0, 933.0, 815.0, 752.0, 980.0, 799.0, 881.0, 504.0, 247.0, 141.0, 59.0, 89.0, 632.0, 776.0, 914.0, 36.0]
========================================================================
LB = 1.53713881594508
UB = 1.1586264443671936e6
========================================================================
========================================================================
########################################################################
 
iter = 10
========================================================================
PartsCountC=[1.0, 147.0, 47.0, 12.0, 11.0, 37.0, 59.0, 39.0, 372.0, 613.0, 654.0, 818.0, 494.0, 495.0, 619.0, 334.0, 77.0, 92.0, 43.0, 338.0, 272.0, 866.0, 760.0, 676.0, 451.0, 444.0, 94.0, 125.0, 127.0, 60.0, 17.0, 28.0, 275.0, 902.0, 864.0, 481.0, 531.0, 194.0, 717.0, 511.0, 96.0, 106.0, 45.0, 64.0, 281.0, 442.0, 788.0, 501.0, 553.0, 314.0, 782.0, 393.0, 55.0, 96.0, 59.0, 28.0, 297.0, 818.0, 715.0, 656.0, 143.0, 301.0, 153.0, 398.0, 168.0, 69.0, 45.0, 56.0, 329.0, 753.0, 933.0, 603.0, 127.0, 247.0, 180.0, 167.0, 53.0, 45.0, 26.0, 20.0, 288.0, 769.0, 558.0, 325.0, 652.0, 676.0, 744.0, 276.0, 73.0, 54.0, 41.0, 152.0, 322.0, 702.0, 843.0, 449.0, 544.0, 479.0, 673.0, 299.0, 60.0, 89.0, 51.0, 55.0, 351.0, 933.0, 815.0, 752.0, 980.0, 799.0, 881.0, 504.0, 247.0, 141.0, 59.0, 89.0, 632.0, 776.0, 914.0, 36.0]
PartsCount=[1.0, 150.0, 47.0, 12.0, 11.0, 37.0, 59.0, 39.0, 372.0, 613.0, 654.0, 818.0, 502.0, 547.0, 724.0, 468.0, 156.0, 201.0, 60.0, 338.0, 415.0, 927.0, 765.0, 676.0, 458.0, 502.0, 168.0, 404.0, 271.0, 189.0, 197.0, 132.0, 610.0, 935.0, 933.0, 526.0, 620.0, 198.0, 717.0, 511.0, 96.0, 120.0, 45.0, 64.0, 281.0, 442.0, 872.0, 501.0, 586.0, 328.0, 859.0, 583.0, 279.0, 111.0, 68.0, 46.0, 352.0, 892.0, 883.0, 678.0, 176.0, 408.0, 221.0, 435.0, 168.0, 220.0, 253.0, 294.0, 329.0, 890.0, 964.0, 650.0, 145.0, 267.0, 248.0, 226.0, 75.0, 48.0, 26.0, 31.0, 288.0, 888.0, 877.0, 618.0, 682.0, 680.0, 767.0, 314.0, 160.0, 70.0, 56.0, 154.0, 420.0, 798.0, 844.0, 449.0, 565.0, 732.0, 874.0, 317.0, 61.0, 89.0, 72.0, 57.0, 351.0, 940.0, 907.0, 752.0, 980.0, 924.0, 947.0, 570.0, 259.0, 152.0, 112.0, 94.0, 705.0, 785.0, 915.0, 36.0]
========================================================================
LB = 1.5599601648739743
UB = 246259.91322955998
time passed = 1.1470167014333936
Lower bound: 1.5599601648739743
Confidence interval: 462666.5832943815 ± 4382.616307967986
iter = 1
========================================================================
PartsCountC=[1.0, 147.0, 47.0, 12.0, 11.0, 37.0, 59.0, 39.0, 372.0, 613.0, 654.0, 818.0, 494.0, 495.0, 619.0, 334.0, 77.0, 92.0, 43.0, 338.0, 272.0, 866.0, 760.0, 676.0, 451.0, 444.0, 94.0, 125.0, 127.0, 60.0, 17.0, 28.0, 275.0, 902.0, 864.0, 481.0, 531.0, 194.0, 717.0, 511.0, 96.0, 106.0, 45.0, 64.0, 281.0, 442.0, 788.0, 501.0, 553.0, 314.0, 782.0, 393.0, 55.0, 96.0, 59.0, 28.0, 297.0, 818.0, 715.0, 656.0, 143.0, 301.0, 153.0, 398.0, 168.0, 69.0, 45.0, 56.0, 329.0, 753.0, 933.0, 603.0, 127.0, 247.0, 180.0, 167.0, 53.0, 45.0, 26.0, 20.0, 288.0, 769.0, 558.0, 325.0, 652.0, 676.0, 744.0, 276.0, 73.0, 54.0, 41.0, 152.0, 322.0, 702.0, 843.0, 449.0, 544.0, 479.0, 673.0, 299.0, 60.0, 89.0, 51.0, 55.0, 351.0, 933.0, 815.0, 752.0, 980.0, 799.0, 881.0, 504.0, 247.0, 141.0, 59.0, 89.0, 632.0, 776.0, 914.0, 36.0]
PartsCount=[1.0, 150.0, 47.0, 12.0, 11.0, 37.0, 59.0, 39.0, 372.0, 613.0, 654.0, 818.0, 502.0, 547.0, 724.0, 468.0, 156.0, 201.0, 60.0, 338.0, 415.0, 927.0, 765.0, 676.0, 458.0, 502.0, 168.0, 404.0, 271.0, 189.0, 197.0, 132.0, 610.0, 935.0, 933.0, 526.0, 620.0, 198.0, 717.0, 511.0, 96.0, 120.0, 45.0, 64.0, 281.0, 442.0, 872.0, 501.0, 586.0, 328.0, 859.0, 583.0, 279.0, 111.0, 68.0, 46.0, 352.0, 892.0, 883.0, 678.0, 176.0, 408.0, 221.0, 435.0, 168.0, 220.0, 253.0, 294.0, 329.0, 890.0, 964.0, 650.0, 145.0, 267.0, 248.0, 226.0, 75.0, 48.0, 26.0, 31.0, 288.0, 888.0, 877.0, 618.0, 682.0, 680.0, 767.0, 314.0, 160.0, 70.0, 56.0, 154.0, 420.0, 798.0, 844.0, 449.0, 565.0, 732.0, 874.0, 317.0, 61.0, 89.0, 72.0, 57.0, 351.0, 940.0, 907.0, 752.0, 980.0, 924.0, 947.0, 570.0, 259.0, 152.0, 112.0, 94.0, 705.0, 785.0, 915.0, 36.0]
========================================================================
LB = 1.5599601648739743
UB = 621971.7230689385
========================================================================
========================================================================
########################################################################
 
iter = 2
========================================================================
PartsCountC=[1.0, 150.0, 47.0, 12.0, 11.0, 37.0, 59.0, 39.0, 372.0, 613.0, 654.0, 818.0, 502.0, 547.0, 724.0, 468.0, 156.0, 201.0, 60.0, 338.0, 415.0, 927.0, 765.0, 676.0, 458.0, 502.0, 168.0, 404.0, 271.0, 189.0, 197.0, 132.0, 610.0, 935.0, 933.0, 526.0, 620.0, 198.0, 717.0, 511.0, 96.0, 120.0, 45.0, 64.0, 281.0, 442.0, 872.0, 501.0, 586.0, 328.0, 859.0, 583.0, 279.0, 111.0, 68.0, 46.0, 352.0, 892.0, 883.0, 678.0, 176.0, 408.0, 221.0, 435.0, 168.0, 220.0, 253.0, 294.0, 329.0, 890.0, 964.0, 650.0, 145.0, 267.0, 248.0, 226.0, 75.0, 48.0, 26.0, 31.0, 288.0, 888.0, 877.0, 618.0, 682.0, 680.0, 767.0, 314.0, 160.0, 70.0, 56.0, 154.0, 420.0, 798.0, 844.0, 449.0, 565.0, 732.0, 874.0, 317.0, 61.0, 89.0, 72.0, 57.0, 351.0, 940.0, 907.0, 752.0, 980.0, 924.0, 947.0, 570.0, 259.0, 152.0, 112.0, 94.0, 705.0, 785.0, 915.0, 36.0]
PartsCount=[1.0, 164.0, 49.0, 12.0, 11.0, 38.0, 60.0, 39.0, 401.0, 651.0, 661.0, 818.0, 564.0, 547.0, 890.0, 695.0, 273.0, 246.0, 60.0, 338.0, 483.0, 927.0, 881.0, 705.0, 478.0, 542.0, 200.0, 408.0, 271.0, 190.0, 197.0, 132.0, 611.0, 935.0, 944.0, 527.0, 731.0, 199.0, 717.0, 511.0, 96.0, 120.0, 65.0, 83.0, 637.0, 749.0, 951.0, 501.0, 598.0, 335.0, 916.0, 714.0, 320.0, 111.0, 68.0, 64.0, 352.0, 892.0, 893.0, 714.0, 204.0, 418.0, 230.0, 435.0, 170.0, 220.0, 253.0, 294.0, 329.0, 903.0, 964.0, 674.0, 928.0, 290.0, 252.0, 240.0, 120.0, 108.0, 108.0, 197.0, 430.0, 888.0, 927.0, 618.0, 747.0, 873.0, 892.0, 551.0, 190.0, 200.0, 74.0, 154.0, 422.0, 862.0, 892.0, 449.0, 565.0, 751.0, 898.0, 394.0, 138.0, 266.0, 72.0, 61.0, 351.0, 940.0, 960.0, 771.0, 980.0, 967.0, 947.0, 745.0, 365.0, 265.0, 289.0, 337.0, 796.0, 866.0, 965.0, 36.0]
========================================================================
LB = 1.5717604796877889
UB = 515953.52760324377
========================================================================
========================================================================
########################################################################
 
iter = 3
========================================================================
PartsCountC=[1.0, 164.0, 49.0, 12.0, 11.0, 38.0, 60.0, 39.0, 401.0, 651.0, 661.0, 818.0, 564.0, 547.0, 890.0, 695.0, 273.0, 246.0, 60.0, 338.0, 483.0, 927.0, 881.0, 705.0, 478.0, 542.0, 200.0, 408.0, 271.0, 190.0, 197.0, 132.0, 611.0, 935.0, 944.0, 527.0, 731.0, 199.0, 717.0, 511.0, 96.0, 120.0, 65.0, 83.0, 637.0, 749.0, 951.0, 501.0, 598.0, 335.0, 916.0, 714.0, 320.0, 111.0, 68.0, 64.0, 352.0, 892.0, 893.0, 714.0, 204.0, 418.0, 230.0, 435.0, 170.0, 220.0, 253.0, 294.0, 329.0, 903.0, 964.0, 674.0, 928.0, 290.0, 252.0, 240.0, 120.0, 108.0, 108.0, 197.0, 430.0, 888.0, 927.0, 618.0, 747.0, 873.0, 892.0, 551.0, 190.0, 200.0, 74.0, 154.0, 422.0, 862.0, 892.0, 449.0, 565.0, 751.0, 898.0, 394.0, 138.0, 266.0, 72.0, 61.0, 351.0, 940.0, 960.0, 771.0, 980.0, 967.0, 947.0, 745.0, 365.0, 265.0, 289.0, 337.0, 796.0, 866.0, 965.0, 36.0]
PartsCount=[1.0, 181.0, 227.0, 12.0, 11.0, 39.0, 62.0, 46.0, 401.0, 666.0, 680.0, 818.0, 573.0, 547.0, 930.0, 766.0, 295.0, 325.0, 74.0, 453.0, 531.0, 957.0, 897.0, 755.0, 480.0, 579.0, 290.0, 416.0, 278.0, 190.0, 217.0, 134.0, 611.0, 935.0, 944.0, 636.0, 737.0, 201.0, 717.0, 511.0, 96.0, 120.0, 65.0, 157.0, 708.0, 749.0, 963.0, 501.0, 751.0, 382.0, 968.0, 772.0, 320.0, 112.0, 68.0, 66.0, 384.0, 923.0, 901.0, 741.0, 215.0, 436.0, 290.0, 593.0, 175.0, 220.0, 253.0, 294.0, 329.0, 929.0, 974.0, 814.0, 979.0, 314.0, 817.0, 376.0, 127.0, 108.0, 130.0, 197.0, 430.0, 888.0, 934.0, 618.0, 855.0, 915.0, 925.0, 703.0, 273.0, 212.0, 74.0, 154.0, 422.0, 862.0, 906.0, 449.0, 616.0, 955.0, 952.0, 405.0, 139.0, 266.0, 72.0, 61.0, 351.0, 949.0, 976.0, 843.0, 980.0, 967.0, 981.0, 818.0, 566.0, 360.0, 458.0, 656.0, 890.0, 951.0, 980.0, 36.0]
========================================================================
LB = 4.608634215700807
UB = 211815.316559018
========================================================================
========================================================================
########################################################################
 
iter = 4
========================================================================
PartsCountC=[1.0, 181.0, 227.0, 12.0, 11.0, 39.0, 62.0, 46.0, 401.0, 666.0, 680.0, 818.0, 573.0, 547.0, 930.0, 766.0, 295.0, 325.0, 74.0, 453.0, 531.0, 957.0, 897.0, 755.0, 480.0, 579.0, 290.0, 416.0, 278.0, 190.0, 217.0, 134.0, 611.0, 935.0, 944.0, 636.0, 737.0, 201.0, 717.0, 511.0, 96.0, 120.0, 65.0, 157.0, 708.0, 749.0, 963.0, 501.0, 751.0, 382.0, 968.0, 772.0, 320.0, 112.0, 68.0, 66.0, 384.0, 923.0, 901.0, 741.0, 215.0, 436.0, 290.0, 593.0, 175.0, 220.0, 253.0, 294.0, 329.0, 929.0, 974.0, 814.0, 979.0, 314.0, 817.0, 376.0, 127.0, 108.0, 130.0, 197.0, 430.0, 888.0, 934.0, 618.0, 855.0, 915.0, 925.0, 703.0, 273.0, 212.0, 74.0, 154.0, 422.0, 862.0, 906.0, 449.0, 616.0, 955.0, 952.0, 405.0, 139.0, 266.0, 72.0, 61.0, 351.0, 949.0, 976.0, 843.0, 980.0, 967.0, 981.0, 818.0, 566.0, 360.0, 458.0, 656.0, 890.0, 951.0, 980.0, 36.0]
PartsCount=[1.0, 181.0, 227.0, 12.0, 11.0, 39.0, 62.0, 46.0, 401.0, 666.0, 723.0, 849.0, 593.0, 733.0, 933.0, 820.0, 358.0, 358.0, 78.0, 453.0, 606.0, 957.0, 897.0, 941.0, 515.0, 866.0, 456.0, 418.0, 279.0, 199.0, 230.0, 146.0, 611.0, 935.0, 944.0, 651.0, 818.0, 448.0, 782.0, 511.0, 96.0, 123.0, 97.0, 204.0, 724.0, 853.0, 976.0, 501.0, 773.0, 545.0, 969.0, 772.0, 320.0, 117.0, 68.0, 66.0, 420.0, 934.0, 916.0, 744.0, 232.0, 461.0, 547.0, 721.0, 409.0, 462.0, 416.0, 335.0, 523.0, 962.0, 974.0, 814.0, 995.0, 621.0, 859.0, 611.0, 235.0, 138.0, 154.0, 197.0, 430.0, 888.0, 975.0, 627.0, 957.0, 927.0, 950.0, 818.0, 397.0, 273.0, 236.0, 378.0, 554.0, 905.0, 919.0, 495.0, 772.0, 983.0, 952.0, 405.0, 139.0, 266.0, 72.0, 61.0, 485.0, 956.0, 982.0, 853.0, 987.0, 967.0, 985.0, 818.0, 566.0, 360.0, 543.0, 657.0, 895.0, 962.0, 982.0, 36.0]
========================================================================
LB = 4.608634215700807
UB = 695009.4392415463
========================================================================
========================================================================
########################################################################
 
iter = 5
========================================================================
PartsCountC=[1.0, 181.0, 227.0, 12.0, 11.0, 39.0, 62.0, 46.0, 401.0, 666.0, 723.0, 849.0, 593.0, 733.0, 933.0, 820.0, 358.0, 358.0, 78.0, 453.0, 606.0, 957.0, 897.0, 941.0, 515.0, 866.0, 456.0, 418.0, 279.0, 199.0, 230.0, 146.0, 611.0, 935.0, 944.0, 651.0, 818.0, 448.0, 782.0, 511.0, 96.0, 123.0, 97.0, 204.0, 724.0, 853.0, 976.0, 501.0, 773.0, 545.0, 969.0, 772.0, 320.0, 117.0, 68.0, 66.0, 420.0, 934.0, 916.0, 744.0, 232.0, 461.0, 547.0, 721.0, 409.0, 462.0, 416.0, 335.0, 523.0, 962.0, 974.0, 814.0, 995.0, 621.0, 859.0, 611.0, 235.0, 138.0, 154.0, 197.0, 430.0, 888.0, 975.0, 627.0, 957.0, 927.0, 950.0, 818.0, 397.0, 273.0, 236.0, 378.0, 554.0, 905.0, 919.0, 495.0, 772.0, 983.0, 952.0, 405.0, 139.0, 266.0, 72.0, 61.0, 485.0, 956.0, 982.0, 853.0, 987.0, 967.0, 985.0, 818.0, 566.0, 360.0, 543.0, 657.0, 895.0, 962.0, 982.0, 36.0]
PartsCount=[1.0, 282.0, 316.0, 19.0, 15.0, 41.0, 62.0, 61.0, 401.0, 666.0, 788.0, 867.0, 644.0, 733.0, 933.0, 820.0, 358.0, 358.0, 78.0, 454.0, 606.0, 962.0, 898.0, 941.0, 581.0, 900.0, 460.0, 435.0, 279.0, 199.0, 230.0, 146.0, 825.0, 970.0, 969.0, 764.0, 875.0, 583.0, 800.0, 514.0, 96.0, 123.0, 97.0, 226.0, 724.0, 909.0, 976.0, 501.0, 785.0, 575.0, 970.0, 846.0, 362.0, 117.0, 68.0, 72.0, 474.0, 934.0, 953.0, 801.0, 272.0, 855.0, 736.0, 826.0, 502.0, 600.0, 572.0, 365.0, 552.0, 986.0, 990.0, 814.0, 995.0, 625.0, 865.0, 798.0, 439.0, 448.0, 302.0, 379.0, 570.0, 888.0, 975.0, 627.0, 976.0, 927.0, 972.0, 887.0, 427.0, 273.0, 330.0, 393.0, 670.0, 957.0, 958.0, 577.0, 955.0, 991.0, 952.0, 405.0, 139.0, 266.0, 89.0, 69.0, 581.0, 963.0, 985.0, 853.0, 987.0, 967.0, 985.0, 841.0, 626.0, 454.0, 556.0, 711.0, 906.0, 962.0, 982.0, 36.0]
========================================================================
LB = 24.1403943942859
UB = 625599.8739464988
========================================================================
========================================================================
########################################################################
 
iter = 6
========================================================================
PartsCountC=[1.0, 282.0, 316.0, 19.0, 15.0, 41.0, 62.0, 61.0, 401.0, 666.0, 788.0, 867.0, 644.0, 733.0, 933.0, 820.0, 358.0, 358.0, 78.0, 454.0, 606.0, 962.0, 898.0, 941.0, 581.0, 900.0, 460.0, 435.0, 279.0, 199.0, 230.0, 146.0, 825.0, 970.0, 969.0, 764.0, 875.0, 583.0, 800.0, 514.0, 96.0, 123.0, 97.0, 226.0, 724.0, 909.0, 976.0, 501.0, 785.0, 575.0, 970.0, 846.0, 362.0, 117.0, 68.0, 72.0, 474.0, 934.0, 953.0, 801.0, 272.0, 855.0, 736.0, 826.0, 502.0, 600.0, 572.0, 365.0, 552.0, 986.0, 990.0, 814.0, 995.0, 625.0, 865.0, 798.0, 439.0, 448.0, 302.0, 379.0, 570.0, 888.0, 975.0, 627.0, 976.0, 927.0, 972.0, 887.0, 427.0, 273.0, 330.0, 393.0, 670.0, 957.0, 958.0, 577.0, 955.0, 991.0, 952.0, 405.0, 139.0, 266.0, 89.0, 69.0, 581.0, 963.0, 985.0, 853.0, 987.0, 967.0, 985.0, 841.0, 626.0, 454.0, 556.0, 711.0, 906.0, 962.0, 982.0, 36.0]
PartsCount=[1.0, 282.0, 316.0, 19.0, 15.0, 41.0, 62.0, 61.0, 401.0, 666.0, 788.0, 867.0, 667.0, 733.0, 933.0, 820.0, 358.0, 358.0, 78.0, 454.0, 606.0, 962.0, 898.0, 941.0, 656.0, 904.0, 711.0, 437.0, 279.0, 199.0, 230.0, 146.0, 825.0, 970.0, 981.0, 764.0, 875.0, 591.0, 866.0, 590.0, 96.0, 123.0, 249.0, 226.0, 724.0, 926.0, 977.0, 501.0, 785.0, 763.0, 984.0, 861.0, 362.0, 122.0, 68.0, 72.0, 474.0, 934.0, 969.0, 857.0, 296.0, 968.0, 755.0, 960.0, 540.0, 738.0, 641.0, 399.0, 574.0, 986.0, 990.0, 814.0, 995.0, 803.0, 865.0, 873.0, 590.0, 665.0, 530.0, 749.0, 867.0, 965.0, 994.0, 651.0, 990.0, 944.0, 973.0, 927.0, 443.0, 276.0, 330.0, 393.0, 670.0, 963.0, 966.0, 866.0, 977.0, 996.0, 988.0, 487.0, 354.0, 472.0, 218.0, 349.0, 870.0, 963.0, 989.0, 887.0, 987.0, 967.0, 985.0, 850.0, 702.0, 507.0, 571.0, 718.0, 906.0, 962.0, 982.0, 36.0]
========================================================================
LB = 24.1403943942859
UB = 102062.19726976745
========================================================================
========================================================================
########################################################################
 
iter = 7
========================================================================
PartsCountC=[1.0, 282.0, 316.0, 19.0, 15.0, 41.0, 62.0, 61.0, 401.0, 666.0, 788.0, 867.0, 667.0, 733.0, 933.0, 820.0, 358.0, 358.0, 78.0, 454.0, 606.0, 962.0, 898.0, 941.0, 656.0, 904.0, 711.0, 437.0, 279.0, 199.0, 230.0, 146.0, 825.0, 970.0, 981.0, 764.0, 875.0, 591.0, 866.0, 590.0, 96.0, 123.0, 249.0, 226.0, 724.0, 926.0, 977.0, 501.0, 785.0, 763.0, 984.0, 861.0, 362.0, 122.0, 68.0, 72.0, 474.0, 934.0, 969.0, 857.0, 296.0, 968.0, 755.0, 960.0, 540.0, 738.0, 641.0, 399.0, 574.0, 986.0, 990.0, 814.0, 995.0, 803.0, 865.0, 873.0, 590.0, 665.0, 530.0, 749.0, 867.0, 965.0, 994.0, 651.0, 990.0, 944.0, 973.0, 927.0, 443.0, 276.0, 330.0, 393.0, 670.0, 963.0, 966.0, 866.0, 977.0, 996.0, 988.0, 487.0, 354.0, 472.0, 218.0, 349.0, 870.0, 963.0, 989.0, 887.0, 987.0, 967.0, 985.0, 850.0, 702.0, 507.0, 571.0, 718.0, 906.0, 962.0, 982.0, 36.0]
PartsCount=[1.0, 347.0, 519.0, 27.0, 23.0, 45.0, 62.0, 65.0, 401.0, 726.0, 843.0, 867.0, 754.0, 784.0, 933.0, 820.0, 358.0, 358.0, 78.0, 454.0, 606.0, 962.0, 930.0, 943.0, 825.0, 904.0, 833.0, 556.0, 286.0, 199.0, 230.0, 146.0, 825.0, 970.0, 981.0, 812.0, 946.0, 786.0, 883.0, 740.0, 143.0, 138.0, 492.0, 229.0, 724.0, 945.0, 977.0, 501.0, 808.0, 871.0, 991.0, 875.0, 391.0, 190.0, 99.0, 77.0, 519.0, 960.0, 969.0, 876.0, 300.0, 973.0, 758.0, 961.0, 541.0, 741.0, 641.0, 402.0, 577.0, 986.0, 990.0, 815.0, 996.0, 803.0, 865.0, 873.0, 590.0, 665.0, 530.0, 749.0, 867.0, 967.0, 994.0, 855.0, 992.0, 948.0, 973.0, 933.0, 500.0, 277.0, 340.0, 394.0, 670.0, 969.0, 982.0, 879.0, 983.0, 996.0, 991.0, 598.0, 451.0, 514.0, 270.0, 421.0, 925.0, 984.0, 990.0, 924.0, 991.0, 967.0, 985.0, 850.0, 702.0, 507.0, 571.0, 718.0, 906.0, 962.0, 982.0, 36.0]
========================================================================
LB = 25.537227932899167
UB = 134178.3107139482
========================================================================
========================================================================
########################################################################
 
iter = 8
========================================================================
PartsCountC=[1.0, 347.0, 519.0, 27.0, 23.0, 45.0, 62.0, 65.0, 401.0, 726.0, 843.0, 867.0, 754.0, 784.0, 933.0, 820.0, 358.0, 358.0, 78.0, 454.0, 606.0, 962.0, 930.0, 943.0, 825.0, 904.0, 833.0, 556.0, 286.0, 199.0, 230.0, 146.0, 825.0, 970.0, 981.0, 812.0, 946.0, 786.0, 883.0, 740.0, 143.0, 138.0, 492.0, 229.0, 724.0, 945.0, 977.0, 501.0, 808.0, 871.0, 991.0, 875.0, 391.0, 190.0, 99.0, 77.0, 519.0, 960.0, 969.0, 876.0, 300.0, 973.0, 758.0, 961.0, 541.0, 741.0, 641.0, 402.0, 577.0, 986.0, 990.0, 815.0, 996.0, 803.0, 865.0, 873.0, 590.0, 665.0, 530.0, 749.0, 867.0, 967.0, 994.0, 855.0, 992.0, 948.0, 973.0, 933.0, 500.0, 277.0, 340.0, 394.0, 670.0, 969.0, 982.0, 879.0, 983.0, 996.0, 991.0, 598.0, 451.0, 514.0, 270.0, 421.0, 925.0, 984.0, 990.0, 924.0, 991.0, 967.0, 985.0, 850.0, 702.0, 507.0, 571.0, 718.0, 906.0, 962.0, 982.0, 36.0]
PartsCount=[1.0, 451.0, 525.0, 27.0, 23.0, 45.0, 62.0, 65.0, 401.0, 726.0, 843.0, 890.0, 754.0, 784.0, 933.0, 820.0, 358.0, 358.0, 78.0, 454.0, 607.0, 962.0, 955.0, 943.0, 829.0, 907.0, 833.0, 556.0, 286.0, 199.0, 230.0, 146.0, 825.0, 970.0, 981.0, 830.0, 946.0, 788.0, 883.0, 740.0, 143.0, 138.0, 492.0, 229.0, 724.0, 945.0, 977.0, 501.0, 829.0, 938.0, 991.0, 875.0, 391.0, 190.0, 99.0, 77.0, 519.0, 960.0, 969.0, 923.0, 722.0, 976.0, 882.0, 980.0, 567.0, 754.0, 677.0, 422.0, 600.0, 986.0, 990.0, 833.0, 996.0, 841.0, 876.0, 874.0, 590.0, 665.0, 532.0, 749.0, 867.0, 967.0, 994.0, 869.0, 992.0, 948.0, 992.0, 943.0, 567.0, 277.0, 473.0, 432.0, 682.0, 978.0, 988.0, 879.0, 983.0, 996.0, 991.0, 673.0, 457.0, 514.0, 330.0, 450.0, 925.0, 984.0, 990.0, 924.0, 991.0, 989.0, 985.0, 850.0, 702.0, 507.0, 571.0, 718.0, 906.0, 962.0, 982.0, 36.0]
========================================================================
LB = 25.72039845376246
UB = 119732.71863827945
========================================================================
========================================================================
########################################################################
 
iter = 9
========================================================================
PartsCountC=[1.0, 451.0, 525.0, 27.0, 23.0, 45.0, 62.0, 65.0, 401.0, 726.0, 843.0, 890.0, 754.0, 784.0, 933.0, 820.0, 358.0, 358.0, 78.0, 454.0, 607.0, 962.0, 955.0, 943.0, 829.0, 907.0, 833.0, 556.0, 286.0, 199.0, 230.0, 146.0, 825.0, 970.0, 981.0, 830.0, 946.0, 788.0, 883.0, 740.0, 143.0, 138.0, 492.0, 229.0, 724.0, 945.0, 977.0, 501.0, 829.0, 938.0, 991.0, 875.0, 391.0, 190.0, 99.0, 77.0, 519.0, 960.0, 969.0, 923.0, 722.0, 976.0, 882.0, 980.0, 567.0, 754.0, 677.0, 422.0, 600.0, 986.0, 990.0, 833.0, 996.0, 841.0, 876.0, 874.0, 590.0, 665.0, 532.0, 749.0, 867.0, 967.0, 994.0, 869.0, 992.0, 948.0, 992.0, 943.0, 567.0, 277.0, 473.0, 432.0, 682.0, 978.0, 988.0, 879.0, 983.0, 996.0, 991.0, 673.0, 457.0, 514.0, 330.0, 450.0, 925.0, 984.0, 990.0, 924.0, 991.0, 989.0, 985.0, 850.0, 702.0, 507.0, 571.0, 718.0, 906.0, 962.0, 982.0, 36.0]
PartsCount=[1.0, 470.0, 631.0, 63.0, 35.0, 50.0, 62.0, 65.0, 401.0, 726.0, 843.0, 935.0, 944.0, 940.0, 972.0, 828.0, 362.0, 358.0, 80.0, 454.0, 607.0, 962.0, 959.0, 948.0, 867.0, 907.0, 833.0, 556.0, 286.0, 207.0, 230.0, 148.0, 825.0, 970.0, 981.0, 845.0, 946.0, 788.0, 883.0, 740.0, 143.0, 138.0, 492.0, 229.0, 724.0, 945.0, 977.0, 501.0, 829.0, 946.0, 991.0, 889.0, 391.0, 194.0, 134.0, 77.0, 519.0, 960.0, 988.0, 940.0, 732.0, 976.0, 972.0, 980.0, 567.0, 754.0, 677.0, 434.0, 600.0, 986.0, 990.0, 833.0, 996.0, 934.0, 947.0, 908.0, 707.0, 689.0, 532.0, 749.0, 871.0, 981.0, 996.0, 869.0, 992.0, 955.0, 992.0, 951.0, 567.0, 288.0, 473.0, 432.0, 687.0, 978.0, 988.0, 946.0, 997.0, 996.0, 997.0, 891.0, 743.0, 590.0, 659.0, 846.0, 950.0, 984.0, 990.0, 924.0, 991.0, 989.0, 985.0, 908.0, 732.0, 601.0, 662.0, 774.0, 917.0, 962.0, 982.0, 36.0]
========================================================================
LB = 48.0039677717356
UB = 328546.224788121
time passed = 3.0932797572347854
Lower bound: 48.0039677717356
Confidence interval: 140768.29235359028 ± 3341.3627098646907
iter = 1
========================================================================
PartsCountC=[1.0, 451.0, 525.0, 27.0, 23.0, 45.0, 62.0, 65.0, 401.0, 726.0, 843.0, 890.0, 754.0, 784.0, 933.0, 820.0, 358.0, 358.0, 78.0, 454.0, 607.0, 962.0, 955.0, 943.0, 829.0, 907.0, 833.0, 556.0, 286.0, 199.0, 230.0, 146.0, 825.0, 970.0, 981.0, 830.0, 946.0, 788.0, 883.0, 740.0, 143.0, 138.0, 492.0, 229.0, 724.0, 945.0, 977.0, 501.0, 829.0, 938.0, 991.0, 875.0, 391.0, 190.0, 99.0, 77.0, 519.0, 960.0, 969.0, 923.0, 722.0, 976.0, 882.0, 980.0, 567.0, 754.0, 677.0, 422.0, 600.0, 986.0, 990.0, 833.0, 996.0, 841.0, 876.0, 874.0, 590.0, 665.0, 532.0, 749.0, 867.0, 967.0, 994.0, 869.0, 992.0, 948.0, 992.0, 943.0, 567.0, 277.0, 473.0, 432.0, 682.0, 978.0, 988.0, 879.0, 983.0, 996.0, 991.0, 673.0, 457.0, 514.0, 330.0, 450.0, 925.0, 984.0, 990.0, 924.0, 991.0, 989.0, 985.0, 850.0, 702.0, 507.0, 571.0, 718.0, 906.0, 962.0, 982.0, 36.0]
PartsCount=[1.0, 470.0, 631.0, 63.0, 35.0, 50.0, 62.0, 65.0, 401.0, 726.0, 843.0, 935.0, 944.0, 940.0, 972.0, 828.0, 362.0, 358.0, 80.0, 454.0, 607.0, 962.0, 959.0, 948.0, 867.0, 907.0, 833.0, 556.0, 286.0, 207.0, 230.0, 148.0, 825.0, 970.0, 981.0, 845.0, 946.0, 788.0, 883.0, 740.0, 143.0, 138.0, 492.0, 229.0, 724.0, 945.0, 977.0, 501.0, 829.0, 946.0, 991.0, 889.0, 391.0, 194.0, 134.0, 77.0, 519.0, 960.0, 988.0, 940.0, 732.0, 976.0, 972.0, 980.0, 567.0, 754.0, 677.0, 434.0, 600.0, 986.0, 990.0, 833.0, 996.0, 934.0, 947.0, 908.0, 707.0, 689.0, 532.0, 749.0, 871.0, 981.0, 996.0, 869.0, 992.0, 955.0, 992.0, 951.0, 567.0, 288.0, 473.0, 432.0, 687.0, 978.0, 988.0, 946.0, 997.0, 996.0, 997.0, 891.0, 743.0, 590.0, 659.0, 846.0, 950.0, 984.0, 990.0, 924.0, 991.0, 989.0, 985.0, 908.0, 732.0, 601.0, 662.0, 774.0, 917.0, 962.0, 982.0, 36.0]
========================================================================
LB = 48.0039677717356
UB = 24288.90232180322
========================================================================
========================================================================
########################################################################
 
iter = 2
========================================================================
PartsCountC=[1.0, 470.0, 631.0, 63.0, 35.0, 50.0, 62.0, 65.0, 401.0, 726.0, 843.0, 935.0, 944.0, 940.0, 972.0, 828.0, 362.0, 358.0, 80.0, 454.0, 607.0, 962.0, 959.0, 948.0, 867.0, 907.0, 833.0, 556.0, 286.0, 207.0, 230.0, 148.0, 825.0, 970.0, 981.0, 845.0, 946.0, 788.0, 883.0, 740.0, 143.0, 138.0, 492.0, 229.0, 724.0, 945.0, 977.0, 501.0, 829.0, 946.0, 991.0, 889.0, 391.0, 194.0, 134.0, 77.0, 519.0, 960.0, 988.0, 940.0, 732.0, 976.0, 972.0, 980.0, 567.0, 754.0, 677.0, 434.0, 600.0, 986.0, 990.0, 833.0, 996.0, 934.0, 947.0, 908.0, 707.0, 689.0, 532.0, 749.0, 871.0, 981.0, 996.0, 869.0, 992.0, 955.0, 992.0, 951.0, 567.0, 288.0, 473.0, 432.0, 687.0, 978.0, 988.0, 946.0, 997.0, 996.0, 997.0, 891.0, 743.0, 590.0, 659.0, 846.0, 950.0, 984.0, 990.0, 924.0, 991.0, 989.0, 985.0, 908.0, 732.0, 601.0, 662.0, 774.0, 917.0, 962.0, 982.0, 36.0]
PartsCount=[1.0, 777.0, 850.0, 269.0, 86.0, 51.0, 62.0, 65.0, 401.0, 726.0, 843.0, 937.0, 960.0, 952.0, 974.0, 828.0, 362.0, 358.0, 88.0, 457.0, 607.0, 962.0, 959.0, 963.0, 913.0, 923.0, 840.0, 625.0, 287.0, 209.0, 235.0, 231.0, 844.0, 970.0, 981.0, 845.0, 962.0, 940.0, 911.0, 812.0, 179.0, 142.0, 496.0, 371.0, 724.0, 955.0, 977.0, 507.0, 892.0, 966.0, 991.0, 900.0, 405.0, 198.0, 320.0, 80.0, 565.0, 960.0, 991.0, 940.0, 749.0, 976.0, 975.0, 980.0, 608.0, 754.0, 677.0, 434.0, 606.0, 986.0, 999.0, 845.0, 996.0, 934.0, 947.0, 929.0, 718.0, 690.0, 532.0, 749.0, 871.0, 981.0, 996.0, 951.0, 992.0, 955.0, 992.0, 955.0, 569.0, 288.0, 482.0, 434.0, 689.0, 978.0, 988.0, 946.0, 1000.0, 996.0, 997.0, 891.0, 743.0, 590.0, 660.0, 846.0, 950.0, 984.0, 990.0, 927.0, 991.0, 989.0, 985.0, 908.0, 732.0, 601.0, 662.0, 774.0, 917.0, 962.0, 982.0, 36.0]
========================================================================
LB = 171.2154583096758
UB = 26331.74313982661
========================================================================
========================================================================
########################################################################
 
iter = 3
========================================================================
PartsCountC=[1.0, 777.0, 850.0, 269.0, 86.0, 51.0, 62.0, 65.0, 401.0, 726.0, 843.0, 937.0, 960.0, 952.0, 974.0, 828.0, 362.0, 358.0, 88.0, 457.0, 607.0, 962.0, 959.0, 963.0, 913.0, 923.0, 840.0, 625.0, 287.0, 209.0, 235.0, 231.0, 844.0, 970.0, 981.0, 845.0, 962.0, 940.0, 911.0, 812.0, 179.0, 142.0, 496.0, 371.0, 724.0, 955.0, 977.0, 507.0, 892.0, 966.0, 991.0, 900.0, 405.0, 198.0, 320.0, 80.0, 565.0, 960.0, 991.0, 940.0, 749.0, 976.0, 975.0, 980.0, 608.0, 754.0, 677.0, 434.0, 606.0, 986.0, 999.0, 845.0, 996.0, 934.0, 947.0, 929.0, 718.0, 690.0, 532.0, 749.0, 871.0, 981.0, 996.0, 951.0, 992.0, 955.0, 992.0, 955.0, 569.0, 288.0, 482.0, 434.0, 689.0, 978.0, 988.0, 946.0, 1000.0, 996.0, 997.0, 891.0, 743.0, 590.0, 660.0, 846.0, 950.0, 984.0, 990.0, 927.0, 991.0, 989.0, 985.0, 908.0, 732.0, 601.0, 662.0, 774.0, 917.0, 962.0, 982.0, 36.0]
PartsCount=[1.0, 841.0, 930.0, 322.0, 110.0, 51.0, 62.0, 65.0, 404.0, 726.0, 843.0, 949.0, 972.0, 961.0, 974.0, 868.0, 387.0, 358.0, 95.0, 457.0, 613.0, 962.0, 959.0, 968.0, 927.0, 923.0, 840.0, 633.0, 351.0, 295.0, 235.0, 231.0, 845.0, 970.0, 981.0, 865.0, 974.0, 940.0, 914.0, 812.0, 188.0, 142.0, 496.0, 372.0, 724.0, 955.0, 977.0, 536.0, 892.0, 966.0, 991.0, 900.0, 405.0, 198.0, 320.0, 80.0, 565.0, 960.0, 991.0, 940.0, 749.0, 976.0, 975.0, 980.0, 608.0, 754.0, 677.0, 434.0, 606.0, 986.0, 999.0, 897.0, 996.0, 965.0, 978.0, 961.0, 718.0, 855.0, 668.0, 794.0, 871.0, 981.0, 996.0, 951.0, 992.0, 956.0, 995.0, 955.0, 569.0, 288.0, 482.0, 434.0, 689.0, 978.0, 992.0, 982.0, 1000.0, 996.0, 997.0, 898.0, 743.0, 590.0, 660.0, 846.0, 950.0, 984.0, 990.0, 939.0, 991.0, 990.0, 985.0, 908.0, 782.0, 601.0, 670.0, 812.0, 920.0, 967.0, 982.0, 36.0]
========================================================================
LB = 271.26245937586
UB = 64274.37099189368
========================================================================
========================================================================
########################################################################
 
iter = 4
========================================================================
PartsCountC=[1.0, 841.0, 930.0, 322.0, 110.0, 51.0, 62.0, 65.0, 404.0, 726.0, 843.0, 949.0, 972.0, 961.0, 974.0, 868.0, 387.0, 358.0, 95.0, 457.0, 613.0, 962.0, 959.0, 968.0, 927.0, 923.0, 840.0, 633.0, 351.0, 295.0, 235.0, 231.0, 845.0, 970.0, 981.0, 865.0, 974.0, 940.0, 914.0, 812.0, 188.0, 142.0, 496.0, 372.0, 724.0, 955.0, 977.0, 536.0, 892.0, 966.0, 991.0, 900.0, 405.0, 198.0, 320.0, 80.0, 565.0, 960.0, 991.0, 940.0, 749.0, 976.0, 975.0, 980.0, 608.0, 754.0, 677.0, 434.0, 606.0, 986.0, 999.0, 897.0, 996.0, 965.0, 978.0, 961.0, 718.0, 855.0, 668.0, 794.0, 871.0, 981.0, 996.0, 951.0, 992.0, 956.0, 995.0, 955.0, 569.0, 288.0, 482.0, 434.0, 689.0, 978.0, 992.0, 982.0, 1000.0, 996.0, 997.0, 898.0, 743.0, 590.0, 660.0, 846.0, 950.0, 984.0, 990.0, 939.0, 991.0, 990.0, 985.0, 908.0, 782.0, 601.0, 670.0, 812.0, 920.0, 967.0, 982.0, 36.0]
PartsCount=[1.0, 882.0, 941.0, 330.0, 110.0, 52.0, 62.0, 65.0, 404.0, 726.0, 843.0, 962.0, 972.0, 964.0, 974.0, 868.0, 387.0, 358.0, 95.0, 457.0, 613.0, 962.0, 959.0, 968.0, 927.0, 923.0, 840.0, 633.0, 351.0, 295.0, 235.0, 231.0, 845.0, 970.0, 981.0, 915.0, 982.0, 940.0, 914.0, 812.0, 188.0, 142.0, 496.0, 372.0, 724.0, 955.0, 977.0, 536.0, 892.0, 970.0, 994.0, 925.0, 405.0, 202.0, 320.0, 80.0, 565.0, 960.0, 991.0, 940.0, 750.0, 980.0, 975.0, 980.0, 608.0, 754.0, 681.0, 434.0, 606.0, 986.0, 999.0, 897.0, 996.0, 965.0, 978.0, 961.0, 718.0, 855.0, 671.0, 795.0, 871.0, 981.0, 996.0, 951.0, 992.0, 956.0, 995.0, 955.0, 574.0, 288.0, 482.0, 434.0, 691.0, 978.0, 992.0, 982.0, 1000.0, 998.0, 997.0, 950.0, 841.0, 590.0, 660.0, 846.0, 951.0, 984.0, 990.0, 960.0, 991.0, 992.0, 985.0, 908.0, 818.0, 694.0, 670.0, 836.0, 920.0, 967.0, 982.0, 36.0]
========================================================================
LB = 275.8712013523392
UB = 19991.957401643045
========================================================================
========================================================================
########################################################################
 
iter = 5
========================================================================
PartsCountC=[1.0, 882.0, 941.0, 330.0, 110.0, 52.0, 62.0, 65.0, 404.0, 726.0, 843.0, 962.0, 972.0, 964.0, 974.0, 868.0, 387.0, 358.0, 95.0, 457.0, 613.0, 962.0, 959.0, 968.0, 927.0, 923.0, 840.0, 633.0, 351.0, 295.0, 235.0, 231.0, 845.0, 970.0, 981.0, 915.0, 982.0, 940.0, 914.0, 812.0, 188.0, 142.0, 496.0, 372.0, 724.0, 955.0, 977.0, 536.0, 892.0, 970.0, 994.0, 925.0, 405.0, 202.0, 320.0, 80.0, 565.0, 960.0, 991.0, 940.0, 750.0, 980.0, 975.0, 980.0, 608.0, 754.0, 681.0, 434.0, 606.0, 986.0, 999.0, 897.0, 996.0, 965.0, 978.0, 961.0, 718.0, 855.0, 671.0, 795.0, 871.0, 981.0, 996.0, 951.0, 992.0, 956.0, 995.0, 955.0, 574.0, 288.0, 482.0, 434.0, 691.0, 978.0, 992.0, 982.0, 1000.0, 998.0, 997.0, 950.0, 841.0, 590.0, 660.0, 846.0, 951.0, 984.0, 990.0, 960.0, 991.0, 992.0, 985.0, 908.0, 818.0, 694.0, 670.0, 836.0, 920.0, 967.0, 982.0, 36.0]
PartsCount=[1.0, 938.0, 966.0, 412.0, 114.0, 65.0, 62.0, 74.0, 599.0, 726.0, 845.0, 962.0, 981.0, 990.0, 997.0, 897.0, 387.0, 358.0, 95.0, 457.0, 613.0, 962.0, 959.0, 976.0, 951.0, 945.0, 923.0, 748.0, 465.0, 295.0, 301.0, 239.0, 848.0, 970.0, 981.0, 915.0, 987.0, 963.0, 957.0, 812.0, 190.0, 147.0, 497.0, 375.0, 728.0, 955.0, 978.0, 629.0, 922.0, 992.0, 996.0, 943.0, 522.0, 210.0, 320.0, 80.0, 565.0, 960.0, 991.0, 953.0, 924.0, 988.0, 989.0, 985.0, 611.0, 758.0, 681.0, 436.0, 606.0, 986.0, 999.0, 906.0, 996.0, 965.0, 986.0, 961.0, 718.0, 855.0, 671.0, 795.0, 871.0, 982.0, 996.0, 959.0, 992.0, 956.0, 995.0, 964.0, 574.0, 293.0, 505.0, 434.0, 691.0, 992.0, 992.0, 982.0, 1000.0, 998.0, 997.0, 950.0, 841.0, 741.0, 762.0, 883.0, 960.0, 984.0, 990.0, 960.0, 991.0, 992.0, 986.0, 908.0, 818.0, 729.0, 723.0, 889.0, 967.0, 990.0, 982.0, 36.0]
========================================================================
LB = 281.3610165743308
UB = 137824.23621470953
========================================================================
========================================================================
########################################################################
 
iter = 6
========================================================================
PartsCountC=[1.0, 938.0, 966.0, 412.0, 114.0, 65.0, 62.0, 74.0, 599.0, 726.0, 845.0, 962.0, 981.0, 990.0, 997.0, 897.0, 387.0, 358.0, 95.0, 457.0, 613.0, 962.0, 959.0, 976.0, 951.0, 945.0, 923.0, 748.0, 465.0, 295.0, 301.0, 239.0, 848.0, 970.0, 981.0, 915.0, 987.0, 963.0, 957.0, 812.0, 190.0, 147.0, 497.0, 375.0, 728.0, 955.0, 978.0, 629.0, 922.0, 992.0, 996.0, 943.0, 522.0, 210.0, 320.0, 80.0, 565.0, 960.0, 991.0, 953.0, 924.0, 988.0, 989.0, 985.0, 611.0, 758.0, 681.0, 436.0, 606.0, 986.0, 999.0, 906.0, 996.0, 965.0, 986.0, 961.0, 718.0, 855.0, 671.0, 795.0, 871.0, 982.0, 996.0, 959.0, 992.0, 956.0, 995.0, 964.0, 574.0, 293.0, 505.0, 434.0, 691.0, 992.0, 992.0, 982.0, 1000.0, 998.0, 997.0, 950.0, 841.0, 741.0, 762.0, 883.0, 960.0, 984.0, 990.0, 960.0, 991.0, 992.0, 986.0, 908.0, 818.0, 729.0, 723.0, 889.0, 967.0, 990.0, 982.0, 36.0]
PartsCount=[1.0, 958.0, 987.0, 526.0, 171.0, 70.0, 65.0, 83.0, 711.0, 878.0, 949.0, 988.0, 989.0, 990.0, 999.0, 904.0, 392.0, 358.0, 102.0, 458.0, 613.0, 962.0, 973.0, 986.0, 971.0, 968.0, 969.0, 748.0, 469.0, 296.0, 301.0, 239.0, 848.0, 970.0, 981.0, 915.0, 993.0, 968.0, 957.0, 850.0, 192.0, 147.0, 497.0, 375.0, 728.0, 955.0, 978.0, 634.0, 931.0, 992.0, 996.0, 943.0, 529.0, 210.0, 321.0, 80.0, 565.0, 960.0, 991.0, 960.0, 954.0, 988.0, 994.0, 985.0, 611.0, 758.0, 681.0, 436.0, 606.0, 986.0, 999.0, 907.0, 996.0, 972.0, 992.0, 963.0, 718.0, 855.0, 677.0, 795.0, 871.0, 982.0, 996.0, 965.0, 992.0, 956.0, 995.0, 964.0, 715.0, 370.0, 553.0, 434.0, 691.0, 992.0, 995.0, 982.0, 1000.0, 998.0, 997.0, 983.0, 845.0, 754.0, 762.0, 887.0, 960.0, 984.0, 990.0, 982.0, 991.0, 992.0, 986.0, 923.0, 818.0, 729.0, 723.0, 889.0, 967.0, 990.0, 982.0, 36.0]
========================================================================
LB = 299.2134891171661
UB = 0.0
========================================================================
========================================================================
########################################################################
 
iter = 7
========================================================================
PartsCountC=[1.0, 958.0, 987.0, 526.0, 171.0, 70.0, 65.0, 83.0, 711.0, 878.0, 949.0, 988.0, 989.0, 990.0, 999.0, 904.0, 392.0, 358.0, 102.0, 458.0, 613.0, 962.0, 973.0, 986.0, 971.0, 968.0, 969.0, 748.0, 469.0, 296.0, 301.0, 239.0, 848.0, 970.0, 981.0, 915.0, 993.0, 968.0, 957.0, 850.0, 192.0, 147.0, 497.0, 375.0, 728.0, 955.0, 978.0, 634.0, 931.0, 992.0, 996.0, 943.0, 529.0, 210.0, 321.0, 80.0, 565.0, 960.0, 991.0, 960.0, 954.0, 988.0, 994.0, 985.0, 611.0, 758.0, 681.0, 436.0, 606.0, 986.0, 999.0, 907.0, 996.0, 972.0, 992.0, 963.0, 718.0, 855.0, 677.0, 795.0, 871.0, 982.0, 996.0, 965.0, 992.0, 956.0, 995.0, 964.0, 715.0, 370.0, 553.0, 434.0, 691.0, 992.0, 995.0, 982.0, 1000.0, 998.0, 997.0, 983.0, 845.0, 754.0, 762.0, 887.0, 960.0, 984.0, 990.0, 982.0, 991.0, 992.0, 986.0, 923.0, 818.0, 729.0, 723.0, 889.0, 967.0, 990.0, 982.0, 36.0]
PartsCount=[1.0, 960.0, 993.0, 772.0, 391.0, 125.0, 76.0, 83.0, 711.0, 906.0, 949.0, 988.0, 992.0, 990.0, 999.0, 904.0, 406.0, 358.0, 102.0, 464.0, 613.0, 962.0, 973.0, 986.0, 971.0, 968.0, 969.0, 749.0, 471.0, 296.0, 301.0, 239.0, 848.0, 970.0, 981.0, 917.0, 993.0, 993.0, 981.0, 900.0, 348.0, 159.0, 506.0, 420.0, 796.0, 958.0, 978.0, 645.0, 943.0, 992.0, 996.0, 943.0, 529.0, 210.0, 333.0, 84.0, 565.0, 960.0, 991.0, 960.0, 954.0, 988.0, 994.0, 987.0, 611.0, 758.0, 681.0, 436.0, 606.0, 986.0, 999.0, 907.0, 996.0, 972.0, 992.0, 963.0, 718.0, 855.0, 677.0, 795.0, 871.0, 982.0, 996.0, 965.0, 992.0, 956.0, 997.0, 964.0, 715.0, 370.0, 553.0, 434.0, 691.0, 992.0, 995.0, 982.0, 1000.0, 998.0, 997.0, 983.0, 845.0, 754.0, 762.0, 887.0, 960.0, 984.0, 990.0, 982.0, 991.0, 992.0, 987.0, 923.0, 818.0, 729.0, 723.0, 889.0, 967.0, 990.0, 982.0, 36.0]
========================================================================
LB = 308.58880145390435
UB = 0.0
========================================================================
========================================================================
########################################################################
 
iter = 8
========================================================================
PartsCountC=[1.0, 960.0, 993.0, 772.0, 391.0, 125.0, 76.0, 83.0, 711.0, 906.0, 949.0, 988.0, 992.0, 990.0, 999.0, 904.0, 406.0, 358.0, 102.0, 464.0, 613.0, 962.0, 973.0, 986.0, 971.0, 968.0, 969.0, 749.0, 471.0, 296.0, 301.0, 239.0, 848.0, 970.0, 981.0, 917.0, 993.0, 993.0, 981.0, 900.0, 348.0, 159.0, 506.0, 420.0, 796.0, 958.0, 978.0, 645.0, 943.0, 992.0, 996.0, 943.0, 529.0, 210.0, 333.0, 84.0, 565.0, 960.0, 991.0, 960.0, 954.0, 988.0, 994.0, 987.0, 611.0, 758.0, 681.0, 436.0, 606.0, 986.0, 999.0, 907.0, 996.0, 972.0, 992.0, 963.0, 718.0, 855.0, 677.0, 795.0, 871.0, 982.0, 996.0, 965.0, 992.0, 956.0, 997.0, 964.0, 715.0, 370.0, 553.0, 434.0, 691.0, 992.0, 995.0, 982.0, 1000.0, 998.0, 997.0, 983.0, 845.0, 754.0, 762.0, 887.0, 960.0, 984.0, 990.0, 982.0, 991.0, 992.0, 987.0, 923.0, 818.0, 729.0, 723.0, 889.0, 967.0, 990.0, 982.0, 36.0]
PartsCount=[1.0, 960.0, 993.0, 785.0, 391.0, 125.0, 76.0, 83.0, 711.0, 906.0, 949.0, 988.0, 992.0, 990.0, 999.0, 904.0, 439.0, 362.0, 107.0, 464.0, 613.0, 962.0, 973.0, 986.0, 971.0, 968.0, 969.0, 749.0, 473.0, 296.0, 301.0, 239.0, 848.0, 970.0, 981.0, 917.0, 993.0, 993.0, 981.0, 900.0, 407.0, 166.0, 506.0, 425.0, 796.0, 958.0, 978.0, 676.0, 951.0, 996.0, 996.0, 943.0, 546.0, 210.0, 333.0, 87.0, 565.0, 960.0, 991.0, 960.0, 954.0, 988.0, 994.0, 987.0, 611.0, 758.0, 681.0, 470.0, 647.0, 986.0, 999.0, 907.0, 997.0, 972.0, 992.0, 963.0, 718.0, 855.0, 677.0, 798.0, 872.0, 982.0, 996.0, 970.0, 992.0, 956.0, 997.0, 964.0, 715.0, 370.0, 553.0, 436.0, 691.0, 992.0, 995.0, 982.0, 1000.0, 998.0, 997.0, 983.0, 845.0, 754.0, 763.0, 887.0, 960.0, 984.0, 990.0, 982.0, 991.0, 992.0, 987.0, 923.0, 818.0, 729.0, 723.0, 889.0, 967.0, 990.0, 982.0, 36.0]
========================================================================
LB = 311.7036759259101
UB = 0.0
========================================================================
========================================================================
########################################################################
 
iter = 9
========================================================================
PartsCountC=[1.0, 960.0, 993.0, 785.0, 391.0, 125.0, 76.0, 83.0, 711.0, 906.0, 949.0, 988.0, 992.0, 990.0, 999.0, 904.0, 439.0, 362.0, 107.0, 464.0, 613.0, 962.0, 973.0, 986.0, 971.0, 968.0, 969.0, 749.0, 473.0, 296.0, 301.0, 239.0, 848.0, 970.0, 981.0, 917.0, 993.0, 993.0, 981.0, 900.0, 407.0, 166.0, 506.0, 425.0, 796.0, 958.0, 978.0, 676.0, 951.0, 996.0, 996.0, 943.0, 546.0, 210.0, 333.0, 87.0, 565.0, 960.0, 991.0, 960.0, 954.0, 988.0, 994.0, 987.0, 611.0, 758.0, 681.0, 470.0, 647.0, 986.0, 999.0, 907.0, 997.0, 972.0, 992.0, 963.0, 718.0, 855.0, 677.0, 798.0, 872.0, 982.0, 996.0, 970.0, 992.0, 956.0, 997.0, 964.0, 715.0, 370.0, 553.0, 436.0, 691.0, 992.0, 995.0, 982.0, 1000.0, 998.0, 997.0, 983.0, 845.0, 754.0, 763.0, 887.0, 960.0, 984.0, 990.0, 982.0, 991.0, 992.0, 987.0, 923.0, 818.0, 729.0, 723.0, 889.0, 967.0, 990.0, 982.0, 36.0]
PartsCount=[1.0, 960.0, 994.0, 785.0, 391.0, 125.0, 76.0, 83.0, 711.0, 906.0, 949.0, 988.0, 992.0, 990.0, 999.0, 904.0, 442.0, 362.0, 107.0, 464.0, 613.0, 962.0, 973.0, 986.0, 972.0, 968.0, 974.0, 755.0, 473.0, 296.0, 301.0, 239.0, 848.0, 970.0, 981.0, 938.0, 993.0, 993.0, 991.0, 917.0, 445.0, 166.0, 506.0, 439.0, 796.0, 958.0, 978.0, 844.0, 960.0, 996.0, 996.0, 943.0, 546.0, 210.0, 333.0, 87.0, 565.0, 960.0, 991.0, 960.0, 966.0, 988.0, 994.0, 987.0, 611.0, 758.0, 681.0, 470.0, 647.0, 986.0, 999.0, 920.0, 997.0, 972.0, 992.0, 963.0, 722.0, 855.0, 677.0, 798.0, 872.0, 982.0, 996.0, 970.0, 992.0, 956.0, 997.0, 964.0, 715.0, 370.0, 553.0, 436.0, 691.0, 992.0, 995.0, 982.0, 1000.0, 998.0, 997.0, 983.0, 845.0, 754.0, 763.0, 887.0, 960.0, 984.0, 990.0, 982.0, 991.0, 992.0, 987.0, 923.0, 818.0, 729.0, 723.0, 889.0, 967.0, 990.0, 982.0, 36.0]
========================================================================
LB = 312.8937219198213
UB = 0.0
========================================================================
========================================================================
########################################################################
 
iter = 10
========================================================================
PartsCountC=[1.0, 960.0, 994.0, 785.0, 391.0, 125.0, 76.0, 83.0, 711.0, 906.0, 949.0, 988.0, 992.0, 990.0, 999.0, 904.0, 442.0, 362.0, 107.0, 464.0, 613.0, 962.0, 973.0, 986.0, 972.0, 968.0, 974.0, 755.0, 473.0, 296.0, 301.0, 239.0, 848.0, 970.0, 981.0, 938.0, 993.0, 993.0, 991.0, 917.0, 445.0, 166.0, 506.0, 439.0, 796.0, 958.0, 978.0, 844.0, 960.0, 996.0, 996.0, 943.0, 546.0, 210.0, 333.0, 87.0, 565.0, 960.0, 991.0, 960.0, 966.0, 988.0, 994.0, 987.0, 611.0, 758.0, 681.0, 470.0, 647.0, 986.0, 999.0, 920.0, 997.0, 972.0, 992.0, 963.0, 722.0, 855.0, 677.0, 798.0, 872.0, 982.0, 996.0, 970.0, 992.0, 956.0, 997.0, 964.0, 715.0, 370.0, 553.0, 436.0, 691.0, 992.0, 995.0, 982.0, 1000.0, 998.0, 997.0, 983.0, 845.0, 754.0, 763.0, 887.0, 960.0, 984.0, 990.0, 982.0, 991.0, 992.0, 987.0, 923.0, 818.0, 729.0, 723.0, 889.0, 967.0, 990.0, 982.0, 36.0]
PartsCount=[1.0, 960.0, 994.0, 850.0, 391.0, 125.0, 76.0, 83.0, 711.0, 906.0, 949.0, 988.0, 992.0, 990.0, 999.0, 904.0, 442.0, 362.0, 107.0, 464.0, 613.0, 962.0, 973.0, 986.0, 972.0, 968.0, 975.0, 755.0, 473.0, 296.0, 301.0, 239.0, 848.0, 970.0, 981.0, 939.0, 993.0, 993.0, 991.0, 919.0, 445.0, 167.0, 506.0, 439.0, 796.0, 958.0, 978.0, 844.0, 960.0, 996.0, 996.0, 943.0, 546.0, 210.0, 333.0, 87.0, 565.0, 960.0, 991.0, 960.0, 966.0, 988.0, 994.0, 987.0, 611.0, 758.0, 681.0, 470.0, 647.0, 986.0, 999.0, 929.0, 997.0, 972.0, 992.0, 963.0, 722.0, 855.0, 677.0, 798.0, 872.0, 982.0, 996.0, 972.0, 992.0, 956.0, 997.0, 964.0, 719.0, 370.0, 553.0, 436.0, 691.0, 992.0, 995.0, 982.0, 1000.0, 998.0, 997.0, 983.0, 845.0, 754.0, 763.0, 887.0, 960.0, 984.0, 990.0, 982.0, 991.0, 992.0, 987.0, 923.0, 818.0, 729.0, 723.0, 889.0, 967.0, 990.0, 982.0, 36.0]
========================================================================
LB = 321.0325827387061
UB = 0.0
========================================================================
========================================================================
########################################################################
 
iter = 11
========================================================================
PartsCountC=[1.0, 960.0, 994.0, 850.0, 391.0, 125.0, 76.0, 83.0, 711.0, 906.0, 949.0, 988.0, 992.0, 990.0, 999.0, 904.0, 442.0, 362.0, 107.0, 464.0, 613.0, 962.0, 973.0, 986.0, 972.0, 968.0, 975.0, 755.0, 473.0, 296.0, 301.0, 239.0, 848.0, 970.0, 981.0, 939.0, 993.0, 993.0, 991.0, 919.0, 445.0, 167.0, 506.0, 439.0, 796.0, 958.0, 978.0, 844.0, 960.0, 996.0, 996.0, 943.0, 546.0, 210.0, 333.0, 87.0, 565.0, 960.0, 991.0, 960.0, 966.0, 988.0, 994.0, 987.0, 611.0, 758.0, 681.0, 470.0, 647.0, 986.0, 999.0, 929.0, 997.0, 972.0, 992.0, 963.0, 722.0, 855.0, 677.0, 798.0, 872.0, 982.0, 996.0, 972.0, 992.0, 956.0, 997.0, 964.0, 719.0, 370.0, 553.0, 436.0, 691.0, 992.0, 995.0, 982.0, 1000.0, 998.0, 997.0, 983.0, 845.0, 754.0, 763.0, 887.0, 960.0, 984.0, 990.0, 982.0, 991.0, 992.0, 987.0, 923.0, 818.0, 729.0, 723.0, 889.0, 967.0, 990.0, 982.0, 36.0]
PartsCount=[1.0, 960.0, 998.0, 850.0, 391.0, 125.0, 76.0, 83.0, 711.0, 906.0, 958.0, 988.0, 992.0, 990.0, 999.0, 904.0, 442.0, 362.0, 107.0, 464.0, 613.0, 962.0, 973.0, 986.0, 978.0, 968.0, 975.0, 755.0, 479.0, 296.0, 301.0, 239.0, 848.0, 970.0, 981.0, 961.0, 993.0, 993.0, 991.0, 919.0, 448.0, 170.0, 506.0, 439.0, 800.0, 958.0, 978.0, 951.0, 975.0, 996.0, 996.0, 943.0, 546.0, 210.0, 333.0, 87.0, 565.0, 960.0, 991.0, 961.0, 971.0, 988.0, 994.0, 987.0, 630.0, 758.0, 681.0, 470.0, 647.0, 986.0, 999.0, 967.0, 997.0, 972.0, 992.0, 970.0, 787.0, 855.0, 727.0, 798.0, 877.0, 982.0, 996.0, 972.0, 992.0, 956.0, 997.0, 964.0, 719.0, 380.0, 591.0, 494.0, 697.0, 992.0, 995.0, 982.0, 1000.0, 998.0, 998.0, 983.0, 845.0, 754.0, 763.0, 887.0, 960.0, 984.0, 990.0, 982.0, 991.0, 992.0, 988.0, 923.0, 851.0, 810.0, 865.0, 889.0, 967.0, 990.0, 982.0, 36.0]
========================================================================
LB = 425.52775436272276
UB = 0.0
========================================================================
========================================================================
########################################################################
 
iter = 12
========================================================================
PartsCountC=[1.0, 960.0, 998.0, 850.0, 391.0, 125.0, 76.0, 83.0, 711.0, 906.0, 958.0, 988.0, 992.0, 990.0, 999.0, 904.0, 442.0, 362.0, 107.0, 464.0, 613.0, 962.0, 973.0, 986.0, 978.0, 968.0, 975.0, 755.0, 479.0, 296.0, 301.0, 239.0, 848.0, 970.0, 981.0, 961.0, 993.0, 993.0, 991.0, 919.0, 448.0, 170.0, 506.0, 439.0, 800.0, 958.0, 978.0, 951.0, 975.0, 996.0, 996.0, 943.0, 546.0, 210.0, 333.0, 87.0, 565.0, 960.0, 991.0, 961.0, 971.0, 988.0, 994.0, 987.0, 630.0, 758.0, 681.0, 470.0, 647.0, 986.0, 999.0, 967.0, 997.0, 972.0, 992.0, 970.0, 787.0, 855.0, 727.0, 798.0, 877.0, 982.0, 996.0, 972.0, 992.0, 956.0, 997.0, 964.0, 719.0, 380.0, 591.0, 494.0, 697.0, 992.0, 995.0, 982.0, 1000.0, 998.0, 998.0, 983.0, 845.0, 754.0, 763.0, 887.0, 960.0, 984.0, 990.0, 982.0, 991.0, 992.0, 988.0, 923.0, 851.0, 810.0, 865.0, 889.0, 967.0, 990.0, 982.0, 36.0]
PartsCount=[1.0, 965.0, 998.0, 877.0, 391.0, 130.0, 76.0, 84.0, 711.0, 908.0, 958.0, 988.0, 992.0, 990.0, 999.0, 926.0, 442.0, 365.0, 107.0, 464.0, 613.0, 962.0, 973.0, 986.0, 978.0, 968.0, 975.0, 837.0, 493.0, 312.0, 301.0, 241.0, 848.0, 970.0, 981.0, 968.0, 993.0, 993.0, 991.0, 923.0, 464.0, 173.0, 506.0, 441.0, 800.0, 958.0, 978.0, 951.0, 975.0, 996.0, 996.0, 943.0, 549.0, 210.0, 333.0, 87.0, 565.0, 960.0, 991.0, 963.0, 974.0, 988.0, 994.0, 987.0, 630.0, 758.0, 694.0, 470.0, 694.0, 986.0, 999.0, 975.0, 997.0, 972.0, 1000.0, 970.0, 787.0, 855.0, 727.0, 798.0, 877.0, 982.0, 996.0, 972.0, 992.0, 965.0, 997.0, 964.0, 719.0, 380.0, 591.0, 494.0, 697.0, 992.0, 995.0, 982.0, 1000.0, 998.0, 998.0, 983.0, 845.0, 755.0, 763.0, 895.0, 960.0, 984.0, 990.0, 988.0, 994.0, 992.0, 988.0, 923.0, 851.0, 810.0, 865.0, 889.0, 967.0, 990.0, 982.0, 36.0]
========================================================================
LB = 434.4491782275816
UB = 0.0
========================================================================
========================================================================
########################################################################
 
iter = 13
========================================================================
PartsCountC=[1.0, 965.0, 998.0, 877.0, 391.0, 130.0, 76.0, 84.0, 711.0, 908.0, 958.0, 988.0, 992.0, 990.0, 999.0, 926.0, 442.0, 365.0, 107.0, 464.0, 613.0, 962.0, 973.0, 986.0, 978.0, 968.0, 975.0, 837.0, 493.0, 312.0, 301.0, 241.0, 848.0, 970.0, 981.0, 968.0, 993.0, 993.0, 991.0, 923.0, 464.0, 173.0, 506.0, 441.0, 800.0, 958.0, 978.0, 951.0, 975.0, 996.0, 996.0, 943.0, 549.0, 210.0, 333.0, 87.0, 565.0, 960.0, 991.0, 963.0, 974.0, 988.0, 994.0, 987.0, 630.0, 758.0, 694.0, 470.0, 694.0, 986.0, 999.0, 975.0, 997.0, 972.0, 1000.0, 970.0, 787.0, 855.0, 727.0, 798.0, 877.0, 982.0, 996.0, 972.0, 992.0, 965.0, 997.0, 964.0, 719.0, 380.0, 591.0, 494.0, 697.0, 992.0, 995.0, 982.0, 1000.0, 998.0, 998.0, 983.0, 845.0, 755.0, 763.0, 895.0, 960.0, 984.0, 990.0, 988.0, 994.0, 992.0, 988.0, 923.0, 851.0, 810.0, 865.0, 889.0, 967.0, 990.0, 982.0, 36.0]
PartsCount=[1.0, 965.0, 998.0, 895.0, 506.0, 130.0, 76.0, 84.0, 711.0, 908.0, 958.0, 988.0, 992.0, 990.0, 999.0, 926.0, 455.0, 365.0, 107.0, 464.0, 613.0, 962.0, 973.0, 986.0, 989.0, 991.0, 990.0, 866.0, 539.0, 336.0, 315.0, 266.0, 848.0, 970.0, 981.0, 971.0, 995.0, 993.0, 991.0, 923.0, 464.0, 183.0, 506.0, 442.0, 800.0, 958.0, 978.0, 951.0, 975.0, 996.0, 996.0, 943.0, 551.0, 210.0, 333.0, 87.0, 569.0, 960.0, 991.0, 963.0, 974.0, 988.0, 994.0, 987.0, 643.0, 758.0, 694.0, 470.0, 694.0, 986.0, 999.0, 978.0, 997.0, 972.0, 1000.0, 970.0, 787.0, 855.0, 727.0, 798.0, 877.0, 982.0, 996.0, 972.0, 992.0, 965.0, 997.0, 964.0, 719.0, 380.0, 591.0, 494.0, 697.0, 992.0, 995.0, 982.0, 1000.0, 998.0, 998.0, 983.0, 845.0, 755.0, 763.0, 895.0, 960.0, 984.0, 990.0, 988.0, 994.0, 992.0, 988.0, 923.0, 851.0, 810.0, 865.0, 889.0, 967.0, 990.0, 982.0, 36.0]
========================================================================
LB = 466.51899021704384
UB = 422738.1878035788
========================================================================
========================================================================
########################################################################
 
iter = 14
========================================================================
PartsCountC=[1.0, 965.0, 998.0, 895.0, 506.0, 130.0, 76.0, 84.0, 711.0, 908.0, 958.0, 988.0, 992.0, 990.0, 999.0, 926.0, 455.0, 365.0, 107.0, 464.0, 613.0, 962.0, 973.0, 986.0, 989.0, 991.0, 990.0, 866.0, 539.0, 336.0, 315.0, 266.0, 848.0, 970.0, 981.0, 971.0, 995.0, 993.0, 991.0, 923.0, 464.0, 183.0, 506.0, 442.0, 800.0, 958.0, 978.0, 951.0, 975.0, 996.0, 996.0, 943.0, 551.0, 210.0, 333.0, 87.0, 569.0, 960.0, 991.0, 963.0, 974.0, 988.0, 994.0, 987.0, 643.0, 758.0, 694.0, 470.0, 694.0, 986.0, 999.0, 978.0, 997.0, 972.0, 1000.0, 970.0, 787.0, 855.0, 727.0, 798.0, 877.0, 982.0, 996.0, 972.0, 992.0, 965.0, 997.0, 964.0, 719.0, 380.0, 591.0, 494.0, 697.0, 992.0, 995.0, 982.0, 1000.0, 998.0, 998.0, 983.0, 845.0, 755.0, 763.0, 895.0, 960.0, 984.0, 990.0, 988.0, 994.0, 992.0, 988.0, 923.0, 851.0, 810.0, 865.0, 889.0, 967.0, 990.0, 982.0, 36.0]
PartsCount=[1.0, 965.0, 998.0, 895.0, 573.0, 130.0, 76.0, 84.0, 711.0, 908.0, 958.0, 988.0, 992.0, 990.0, 999.0, 935.0, 457.0, 365.0, 107.0, 495.0, 613.0, 962.0, 973.0, 995.0, 989.0, 991.0, 990.0, 880.0, 547.0, 336.0, 315.0, 297.0, 857.0, 977.0, 991.0, 971.0, 995.0, 993.0, 991.0, 923.0, 464.0, 183.0, 506.0, 536.0, 800.0, 958.0, 985.0, 951.0, 975.0, 996.0, 996.0, 943.0, 551.0, 270.0, 602.0, 91.0, 569.0, 960.0, 991.0, 963.0, 989.0, 988.0, 994.0, 987.0, 681.0, 769.0, 712.0, 616.0, 773.0, 986.0, 999.0, 978.0, 997.0, 976.0, 1000.0, 971.0, 787.0, 855.0, 727.0, 798.0, 877.0, 982.0, 996.0, 972.0, 994.0, 976.0, 997.0, 985.0, 719.0, 380.0, 591.0, 494.0, 697.0, 992.0, 995.0, 982.0, 1000.0, 999.0, 998.0, 984.0, 845.0, 755.0, 796.0, 895.0, 970.0, 984.0, 992.0, 988.0, 994.0, 992.0, 988.0, 937.0, 859.0, 849.0, 884.0, 893.0, 967.0, 990.0, 982.0, 36.0]
========================================================================
LB = 502.3199646194441
UB = 0.0
========================================================================
========================================================================
########################################################################
 
iter = 15
========================================================================
PartsCountC=[1.0, 965.0, 998.0, 895.0, 573.0, 130.0, 76.0, 84.0, 711.0, 908.0, 958.0, 988.0, 992.0, 990.0, 999.0, 935.0, 457.0, 365.0, 107.0, 495.0, 613.0, 962.0, 973.0, 995.0, 989.0, 991.0, 990.0, 880.0, 547.0, 336.0, 315.0, 297.0, 857.0, 977.0, 991.0, 971.0, 995.0, 993.0, 991.0, 923.0, 464.0, 183.0, 506.0, 536.0, 800.0, 958.0, 985.0, 951.0, 975.0, 996.0, 996.0, 943.0, 551.0, 270.0, 602.0, 91.0, 569.0, 960.0, 991.0, 963.0, 989.0, 988.0, 994.0, 987.0, 681.0, 769.0, 712.0, 616.0, 773.0, 986.0, 999.0, 978.0, 997.0, 976.0, 1000.0, 971.0, 787.0, 855.0, 727.0, 798.0, 877.0, 982.0, 996.0, 972.0, 994.0, 976.0, 997.0, 985.0, 719.0, 380.0, 591.0, 494.0, 697.0, 992.0, 995.0, 982.0, 1000.0, 999.0, 998.0, 984.0, 845.0, 755.0, 796.0, 895.0, 970.0, 984.0, 992.0, 988.0, 994.0, 992.0, 988.0, 937.0, 859.0, 849.0, 884.0, 893.0, 967.0, 990.0, 982.0, 36.0]
PartsCount=[1.0, 965.0, 998.0, 895.0, 573.0, 130.0, 76.0, 84.0, 711.0, 908.0, 958.0, 988.0, 996.0, 990.0, 999.0, 939.0, 457.0, 366.0, 107.0, 495.0, 613.0, 962.0, 973.0, 995.0, 989.0, 991.0, 990.0, 881.0, 547.0, 336.0, 315.0, 297.0, 857.0, 977.0, 991.0, 971.0, 995.0, 993.0, 991.0, 923.0, 464.0, 183.0, 506.0, 536.0, 800.0, 958.0, 985.0, 951.0, 983.0, 996.0, 996.0, 943.0, 554.0, 270.0, 602.0, 91.0, 569.0, 960.0, 991.0, 963.0, 989.0, 988.0, 994.0, 987.0, 681.0, 769.0, 712.0, 616.0, 773.0, 986.0, 999.0, 982.0, 997.0, 976.0, 1000.0, 971.0, 787.0, 855.0, 727.0, 800.0, 877.0, 982.0, 996.0, 972.0, 994.0, 976.0, 997.0, 985.0, 719.0, 381.0, 591.0, 494.0, 697.0, 992.0, 995.0, 982.0, 1000.0, 999.0, 998.0, 984.0, 845.0, 755.0, 796.0, 895.0, 970.0, 984.0, 992.0, 988.0, 994.0, 992.0, 988.0, 937.0, 859.0, 849.0, 884.0, 893.0, 967.0, 990.0, 982.0, 36.0]
========================================================================
LB = 511.1610006519155
UB = 211515.6095348119
========================================================================
========================================================================
########################################################################
 
iter = 16
========================================================================
PartsCountC=[1.0, 965.0, 998.0, 895.0, 573.0, 130.0, 76.0, 84.0, 711.0, 908.0, 958.0, 988.0, 996.0, 990.0, 999.0, 939.0, 457.0, 366.0, 107.0, 495.0, 613.0, 962.0, 973.0, 995.0, 989.0, 991.0, 990.0, 881.0, 547.0, 336.0, 315.0, 297.0, 857.0, 977.0, 991.0, 971.0, 995.0, 993.0, 991.0, 923.0, 464.0, 183.0, 506.0, 536.0, 800.0, 958.0, 985.0, 951.0, 983.0, 996.0, 996.0, 943.0, 554.0, 270.0, 602.0, 91.0, 569.0, 960.0, 991.0, 963.0, 989.0, 988.0, 994.0, 987.0, 681.0, 769.0, 712.0, 616.0, 773.0, 986.0, 999.0, 982.0, 997.0, 976.0, 1000.0, 971.0, 787.0, 855.0, 727.0, 800.0, 877.0, 982.0, 996.0, 972.0, 994.0, 976.0, 997.0, 985.0, 719.0, 381.0, 591.0, 494.0, 697.0, 992.0, 995.0, 982.0, 1000.0, 999.0, 998.0, 984.0, 845.0, 755.0, 796.0, 895.0, 970.0, 984.0, 992.0, 988.0, 994.0, 992.0, 988.0, 937.0, 859.0, 849.0, 884.0, 893.0, 967.0, 990.0, 982.0, 36.0]
PartsCount=[1.0, 965.0, 998.0, 907.0, 573.0, 133.0, 76.0, 84.0, 714.0, 908.0, 958.0, 992.0, 996.0, 990.0, 999.0, 962.0, 521.0, 377.0, 134.0, 495.0, 613.0, 962.0, 973.0, 995.0, 994.0, 991.0, 990.0, 897.0, 547.0, 342.0, 315.0, 297.0, 857.0, 977.0, 991.0, 971.0, 995.0, 993.0, 991.0, 926.0, 625.0, 200.0, 560.0, 540.0, 889.0, 958.0, 985.0, 951.0, 983.0, 996.0, 996.0, 953.0, 605.0, 294.0, 680.0, 215.0, 609.0, 960.0, 991.0, 963.0, 996.0, 988.0, 994.0, 987.0, 681.0, 769.0, 712.0, 616.0, 773.0, 986.0, 999.0, 982.0, 997.0, 976.0, 1000.0, 971.0, 793.0, 855.0, 727.0, 800.0, 889.0, 982.0, 996.0, 982.0, 994.0, 976.0, 997.0, 985.0, 818.0, 661.0, 591.0, 494.0, 697.0, 992.0, 995.0, 982.0, 1000.0, 999.0, 998.0, 987.0, 851.0, 782.0, 796.0, 898.0, 970.0, 984.0, 993.0, 988.0, 994.0, 992.0, 993.0, 968.0, 898.0, 876.0, 884.0, 893.0, 967.0, 990.0, 982.0, 36.0]
========================================================================
LB = 536.5221935010727
UB = 473088.1794885559
========================================================================
========================================================================
########################################################################
 
iter = 17
========================================================================
PartsCountC=[1.0, 965.0, 998.0, 907.0, 573.0, 133.0, 76.0, 84.0, 714.0, 908.0, 958.0, 992.0, 996.0, 990.0, 999.0, 962.0, 521.0, 377.0, 134.0, 495.0, 613.0, 962.0, 973.0, 995.0, 994.0, 991.0, 990.0, 897.0, 547.0, 342.0, 315.0, 297.0, 857.0, 977.0, 991.0, 971.0, 995.0, 993.0, 991.0, 926.0, 625.0, 200.0, 560.0, 540.0, 889.0, 958.0, 985.0, 951.0, 983.0, 996.0, 996.0, 953.0, 605.0, 294.0, 680.0, 215.0, 609.0, 960.0, 991.0, 963.0, 996.0, 988.0, 994.0, 987.0, 681.0, 769.0, 712.0, 616.0, 773.0, 986.0, 999.0, 982.0, 997.0, 976.0, 1000.0, 971.0, 793.0, 855.0, 727.0, 800.0, 889.0, 982.0, 996.0, 982.0, 994.0, 976.0, 997.0, 985.0, 818.0, 661.0, 591.0, 494.0, 697.0, 992.0, 995.0, 982.0, 1000.0, 999.0, 998.0, 987.0, 851.0, 782.0, 796.0, 898.0, 970.0, 984.0, 993.0, 988.0, 994.0, 992.0, 993.0, 968.0, 898.0, 876.0, 884.0, 893.0, 967.0, 990.0, 982.0, 36.0]
PartsCount=[1.0, 965.0, 998.0, 907.0, 641.0, 133.0, 124.0, 84.0, 714.0, 908.0, 958.0, 992.0, 996.0, 994.0, 999.0, 972.0, 612.0, 408.0, 181.0, 571.0, 779.0, 962.0, 983.0, 995.0, 994.0, 991.0, 990.0, 897.0, 598.0, 596.0, 315.0, 297.0, 857.0, 977.0, 997.0, 971.0, 995.0, 993.0, 994.0, 931.0, 625.0, 200.0, 560.0, 616.0, 889.0, 958.0, 985.0, 951.0, 990.0, 996.0, 996.0, 953.0, 605.0, 294.0, 680.0, 215.0, 622.0, 960.0, 991.0, 963.0, 996.0, 988.0, 994.0, 987.0, 740.0, 769.0, 712.0, 616.0, 773.0, 986.0, 999.0, 982.0, 997.0, 994.0, 1000.0, 976.0, 795.0, 855.0, 727.0, 800.0, 889.0, 982.0, 996.0, 982.0, 994.0, 976.0, 997.0, 986.0, 818.0, 661.0, 591.0, 494.0, 697.0, 992.0, 995.0, 982.0, 1000.0, 999.0, 998.0, 989.0, 855.0, 782.0, 796.0, 898.0, 970.0, 984.0, 993.0, 988.0, 994.0, 992.0, 993.0, 968.0, 898.0, 876.0, 884.0, 893.0, 967.0, 990.0, 982.0, 36.0]
========================================================================
LB = 606.508479774598
UB = 0.0
========================================================================
========================================================================
########################################################################
 
iter = 18
========================================================================
PartsCountC=[1.0, 965.0, 998.0, 907.0, 641.0, 133.0, 124.0, 84.0, 714.0, 908.0, 958.0, 992.0, 996.0, 994.0, 999.0, 972.0, 612.0, 408.0, 181.0, 571.0, 779.0, 962.0, 983.0, 995.0, 994.0, 991.0, 990.0, 897.0, 598.0, 596.0, 315.0, 297.0, 857.0, 977.0, 997.0, 971.0, 995.0, 993.0, 994.0, 931.0, 625.0, 200.0, 560.0, 616.0, 889.0, 958.0, 985.0, 951.0, 990.0, 996.0, 996.0, 953.0, 605.0, 294.0, 680.0, 215.0, 622.0, 960.0, 991.0, 963.0, 996.0, 988.0, 994.0, 987.0, 740.0, 769.0, 712.0, 616.0, 773.0, 986.0, 999.0, 982.0, 997.0, 994.0, 1000.0, 976.0, 795.0, 855.0, 727.0, 800.0, 889.0, 982.0, 996.0, 982.0, 994.0, 976.0, 997.0, 986.0, 818.0, 661.0, 591.0, 494.0, 697.0, 992.0, 995.0, 982.0, 1000.0, 999.0, 998.0, 989.0, 855.0, 782.0, 796.0, 898.0, 970.0, 984.0, 993.0, 988.0, 994.0, 992.0, 993.0, 968.0, 898.0, 876.0, 884.0, 893.0, 967.0, 990.0, 982.0, 36.0]
PartsCount=[1.0, 987.0, 998.0, 907.0, 641.0, 134.0, 124.0, 84.0, 714.0, 908.0, 958.0, 992.0, 996.0, 994.0, 999.0, 972.0, 612.0, 408.0, 181.0, 571.0, 779.0, 962.0, 983.0, 995.0, 994.0, 991.0, 990.0, 899.0, 598.0, 596.0, 315.0, 297.0, 857.0, 977.0, 997.0, 971.0, 996.0, 993.0, 994.0, 931.0, 625.0, 200.0, 560.0, 616.0, 889.0, 958.0, 985.0, 951.0, 990.0, 998.0, 996.0, 953.0, 605.0, 294.0, 680.0, 215.0, 622.0, 960.0, 991.0, 963.0, 996.0, 988.0, 994.0, 991.0, 744.0, 769.0, 712.0, 616.0, 773.0, 986.0, 999.0, 982.0, 997.0, 995.0, 1000.0, 976.0, 795.0, 855.0, 737.0, 800.0, 889.0, 982.0, 998.0, 982.0, 994.0, 976.0, 997.0, 986.0, 818.0, 679.0, 591.0, 494.0, 697.0, 992.0, 995.0, 982.0, 1000.0, 999.0, 998.0, 990.0, 855.0, 782.0, 800.0, 898.0, 970.0, 984.0, 993.0, 988.0, 994.0, 992.0, 993.0, 968.0, 898.0, 876.0, 884.0, 893.0, 967.0, 992.0, 982.0, 36.0]
========================================================================
LB = 607.7076945714285
UB = 0.0
========================================================================
========================================================================
########################################################################
 
iter = 19
========================================================================
PartsCountC=[1.0, 987.0, 998.0, 907.0, 641.0, 134.0, 124.0, 84.0, 714.0, 908.0, 958.0, 992.0, 996.0, 994.0, 999.0, 972.0, 612.0, 408.0, 181.0, 571.0, 779.0, 962.0, 983.0, 995.0, 994.0, 991.0, 990.0, 899.0, 598.0, 596.0, 315.0, 297.0, 857.0, 977.0, 997.0, 971.0, 996.0, 993.0, 994.0, 931.0, 625.0, 200.0, 560.0, 616.0, 889.0, 958.0, 985.0, 951.0, 990.0, 998.0, 996.0, 953.0, 605.0, 294.0, 680.0, 215.0, 622.0, 960.0, 991.0, 963.0, 996.0, 988.0, 994.0, 991.0, 744.0, 769.0, 712.0, 616.0, 773.0, 986.0, 999.0, 982.0, 997.0, 995.0, 1000.0, 976.0, 795.0, 855.0, 737.0, 800.0, 889.0, 982.0, 998.0, 982.0, 994.0, 976.0, 997.0, 986.0, 818.0, 679.0, 591.0, 494.0, 697.0, 992.0, 995.0, 982.0, 1000.0, 999.0, 998.0, 990.0, 855.0, 782.0, 800.0, 898.0, 970.0, 984.0, 993.0, 988.0, 994.0, 992.0, 993.0, 968.0, 898.0, 876.0, 884.0, 893.0, 967.0, 992.0, 982.0, 36.0]
PartsCount=[1.0, 987.0, 998.0, 907.0, 641.0, 149.0, 124.0, 84.0, 714.0, 908.0, 958.0, 992.0, 996.0, 994.0, 999.0, 973.0, 614.0, 413.0, 181.0, 571.0, 779.0, 962.0, 983.0, 995.0, 995.0, 991.0, 994.0, 899.0, 598.0, 596.0, 315.0, 297.0, 857.0, 977.0, 997.0, 982.0, 996.0, 993.0, 994.0, 934.0, 625.0, 200.0, 560.0, 616.0, 889.0, 958.0, 985.0, 954.0, 990.0, 999.0, 996.0, 953.0, 605.0, 295.0, 680.0, 215.0, 622.0, 960.0, 991.0, 963.0, 996.0, 988.0, 994.0, 991.0, 744.0, 769.0, 712.0, 618.0, 773.0, 986.0, 999.0, 982.0, 997.0, 995.0, 1000.0, 976.0, 802.0, 855.0, 737.0, 800.0, 889.0, 982.0, 998.0, 982.0, 994.0, 976.0, 997.0, 986.0, 818.0, 679.0, 591.0, 494.0, 697.0, 992.0, 995.0, 982.0, 1000.0, 999.0, 998.0, 990.0, 855.0, 782.0, 800.0, 898.0, 970.0, 984.0, 993.0, 988.0, 994.0, 992.0, 993.0, 968.0, 898.0, 876.0, 884.0, 893.0, 967.0, 992.0, 982.0, 36.0]
========================================================================
LB = 692.4260701336198
UB = 0.0
========================================================================
========================================================================
########################################################################
 
iter = 20
========================================================================
PartsCountC=[1.0, 987.0, 998.0, 907.0, 641.0, 149.0, 124.0, 84.0, 714.0, 908.0, 958.0, 992.0, 996.0, 994.0, 999.0, 973.0, 614.0, 413.0, 181.0, 571.0, 779.0, 962.0, 983.0, 995.0, 995.0, 991.0, 994.0, 899.0, 598.0, 596.0, 315.0, 297.0, 857.0, 977.0, 997.0, 982.0, 996.0, 993.0, 994.0, 934.0, 625.0, 200.0, 560.0, 616.0, 889.0, 958.0, 985.0, 954.0, 990.0, 999.0, 996.0, 953.0, 605.0, 295.0, 680.0, 215.0, 622.0, 960.0, 991.0, 963.0, 996.0, 988.0, 994.0, 991.0, 744.0, 769.0, 712.0, 618.0, 773.0, 986.0, 999.0, 982.0, 997.0, 995.0, 1000.0, 976.0, 802.0, 855.0, 737.0, 800.0, 889.0, 982.0, 998.0, 982.0, 994.0, 976.0, 997.0, 986.0, 818.0, 679.0, 591.0, 494.0, 697.0, 992.0, 995.0, 982.0, 1000.0, 999.0, 998.0, 990.0, 855.0, 782.0, 800.0, 898.0, 970.0, 984.0, 993.0, 988.0, 994.0, 992.0, 993.0, 968.0, 898.0, 876.0, 884.0, 893.0, 967.0, 992.0, 982.0, 36.0]
PartsCount=[1.0, 987.0, 998.0, 907.0, 694.0, 176.0, 124.0, 84.0, 714.0, 908.0, 958.0, 992.0, 998.0, 994.0, 999.0, 973.0, 614.0, 413.0, 181.0, 760.0, 779.0, 962.0, 983.0, 995.0, 995.0, 992.0, 994.0, 899.0, 598.0, 596.0, 315.0, 297.0, 857.0, 977.0, 997.0, 982.0, 996.0, 993.0, 995.0, 950.0, 625.0, 200.0, 583.0, 616.0, 889.0, 958.0, 985.0, 977.0, 995.0, 999.0, 996.0, 953.0, 605.0, 295.0, 680.0, 215.0, 622.0, 960.0, 991.0, 963.0, 997.0, 994.0, 999.0, 991.0, 744.0, 769.0, 712.0, 618.0, 775.0, 986.0, 999.0, 982.0, 997.0, 995.0, 1000.0, 976.0, 802.0, 855.0, 737.0, 800.0, 889.0, 982.0, 998.0, 982.0, 994.0, 976.0, 997.0, 986.0, 818.0, 679.0, 591.0, 494.0, 697.0, 992.0, 995.0, 982.0, 1000.0, 999.0, 998.0, 990.0, 873.0, 782.0, 800.0, 898.0, 970.0, 984.0, 993.0, 988.0, 994.0, 992.0, 993.0, 968.0, 898.0, 877.0, 884.0, 893.0, 967.0, 992.0, 982.0, 36.0]
========================================================================
LB = 697.8583059060902
UB = 0.0
time passed = 6.022736311422454
Lower bound: 697.8583059060902
Confidence interval: 38660.01845370096 ± 2189.1928147614844
**********************************************************************************
**********************************************************************************
24522.532736 seconds (33.82 G allocations: 1.842 TiB, 3.93% gc time)
