2021-09-29 02:14:31
Params: PW_QP 24T 50R
start_time = 1.632896170072224e9
iter = 1
========================================================================
PartsCountC=[1.0, 1.0, 1.0, 1.0, 1.0, 1.0, 1.0, 1.0, 1.0, 1.0, 1.0, 1.0, 1.0, 1.0, 1.0, 1.0, 1.0, 1.0, 1.0, 1.0, 1.0, 1.0, 1.0, 1.0]
PartsCount=[1.0, 1.0, 1.0, 1.0, 1.0, 1.0, 1.0, 1.0, 1.0, 1.0, 1.0, 1.0, 1.0, 1.0, 1.0, 1.0, 1.0, 1.0, 1.0, 1.0, 1.0, 1.0, 1.0, 1.0]
========================================================================
LB = 0.0
UB = 7.4975415821845755e6
time passed = 0.00032617059018876817
Lower bound: 0.0
Confidence interval: 8.739871962119278e6 ± 15422.91158682074
iter = 1
========================================================================
PartsCountC=[1.0, 1.0, 1.0, 1.0, 1.0, 1.0, 1.0, 1.0, 1.0, 1.0, 1.0, 1.0, 1.0, 1.0, 1.0, 1.0, 1.0, 1.0, 1.0, 1.0, 1.0, 1.0, 1.0, 1.0]
PartsCount=[1.0, 1.0, 1.0, 1.0, 1.0, 1.0, 1.0, 1.0, 1.0, 1.0, 1.0, 1.0, 1.0, 1.0, 1.0, 1.0, 1.0, 1.0, 1.0, 1.0, 1.0, 1.0, 1.0, 1.0]
========================================================================
LB = 0.0
UB = 8.805690327385426e6
time passed = 0.0003440588712692261
Lower bound: 0.0
Confidence interval: 8.741698263882965e6 ± 15406.702115776909
iter = 1
========================================================================
PartsCountC=[1.0, 1.0, 1.0, 1.0, 1.0, 1.0, 1.0, 1.0, 1.0, 1.0, 1.0, 1.0, 1.0, 1.0, 1.0, 1.0, 1.0, 1.0, 1.0, 1.0, 1.0, 1.0, 1.0, 1.0]
PartsCount=[1.0, 1.0, 1.0, 1.0, 1.0, 1.0, 1.0, 1.0, 1.0, 1.0, 1.0, 1.0, 1.0, 1.0, 1.0, 1.0, 1.0, 1.0, 1.0, 1.0, 1.0, 1.0, 1.0, 1.0]
========================================================================
LB = 0.0
UB = 8.703080869835006e6
time passed = 0.026881269481447007
Lower bound: 0.0
Confidence interval: 8.741698263882965e6 ± 15406.702115776909
iter = 1
========================================================================
PartsCountC=[1.0, 1.0, 1.0, 1.0, 1.0, 1.0, 1.0, 1.0, 1.0, 1.0, 1.0, 1.0, 1.0, 1.0, 1.0, 1.0, 1.0, 1.0, 1.0, 1.0, 1.0, 1.0, 1.0, 1.0]
PartsCount=[1.0, 1.0, 1.0, 1.0, 1.0, 1.0, 1.0, 1.0, 1.0, 1.0, 1.0, 1.0, 1.0, 1.0, 1.0, 1.0, 1.0, 1.0, 1.0, 1.0, 1.0, 1.0, 1.0, 1.0]
========================================================================
LB = 0.0
UB = 7.418081599323702e6
time passed = 0.05321377005841997
Lower bound: 0.0
Confidence interval: 8.741698263882965e6 ± 15406.702115776909
iter = 1
========================================================================
PartsCountC=[1.0, 1.0, 1.0, 1.0, 1.0, 1.0, 1.0, 1.0, 1.0, 1.0, 1.0, 1.0, 1.0, 1.0, 1.0, 1.0, 1.0, 1.0, 1.0, 1.0, 1.0, 1.0, 1.0, 1.0]
PartsCount=[1.0, 1.0, 1.0, 1.0, 1.0, 1.0, 1.0, 1.0, 1.0, 1.0, 1.0, 1.0, 1.0, 1.0, 1.0, 1.0, 1.0, 1.0, 1.0, 1.0, 1.0, 1.0, 1.0, 1.0]
========================================================================
LB = 0.0
UB = 7.873954909898019e6
time passed = 0.0794924791653951
Lower bound: 0.0
Confidence interval: 8.741698263882965e6 ± 15406.702115776909
iter = 1
========================================================================
PartsCountC=[1.0, 1.0, 1.0, 1.0, 1.0, 1.0, 1.0, 1.0, 1.0, 1.0, 1.0, 1.0, 1.0, 1.0, 1.0, 1.0, 1.0, 1.0, 1.0, 1.0, 1.0, 1.0, 1.0, 1.0]
PartsCount=[1.0, 1.0, 1.0, 1.0, 1.0, 1.0, 1.0, 1.0, 1.0, 1.0, 1.0, 1.0, 1.0, 1.0, 1.0, 1.0, 1.0, 1.0, 1.0, 1.0, 1.0, 1.0, 1.0, 1.0]
========================================================================
LB = 0.0
UB = 8.60535559732094e6
time passed = 0.10560781975587209
Lower bound: 0.0
Confidence interval: 8.741698263882965e6 ± 15406.702115776909
**********************************************************************************
**********************************************************************************
570.832251 seconds (950.61 M allocations: 45.471 GiB, 2.60% gc time)
