2021-09-29 02:14:31
Params: Tree_Parts 24T 50R
start_time = 1.632896169854884e9
iter = 1
========================================================================
PartsCountC=[1.0, 1.0, 1.0, 1.0, 1.0, 1.0, 1.0, 1.0, 1.0, 1.0, 1.0, 1.0, 1.0, 1.0, 1.0, 1.0, 1.0, 1.0, 1.0, 1.0, 1.0, 1.0, 1.0, 1.0]
PartsCount=[1.0, 1.0, 1.0, 1.0, 1.0, 1.0, 1.0, 1.0, 1.0, 1.0, 1.0, 1.0, 1.0, 1.0, 1.0, 1.0, 1.0, 1.0, 1.0, 1.0, 1.0, 1.0, 1.0, 1.0]
========================================================================
LB = 0.0
UB = 1.0e10
time passed = 0.00025108112229241264
Lower bound: 0.0
Confidence interval: 9.036690439923432e6 ± 15682.526370871305
iter = 1
========================================================================
PartsCountC=[1.0, 1.0, 1.0, 1.0, 1.0, 1.0, 1.0, 1.0, 1.0, 1.0, 1.0, 1.0, 1.0, 1.0, 1.0, 1.0, 1.0, 1.0, 1.0, 1.0, 1.0, 1.0, 1.0, 1.0]
PartsCount=[1.0, 1.0, 1.0, 1.0, 1.0, 1.0, 1.0, 1.0, 1.0, 1.0, 1.0, 1.0, 1.0, 1.0, 1.0, 1.0, 1.0, 1.0, 1.0, 1.0, 1.0, 1.0, 1.0, 1.0]
========================================================================
LB = 0.0
UB = 1.0e10
========================================================================
========================================================================
########################################################################
 
iter = 1
LB = 0.0
UB = 1.0e10
========================================================================
========================================================================
 
iter = 1
LB = 0.0
UB = 8.674419195538737e6
iter = 2
========================================================================
PartsCountC=[1.0, 1.0, 1.0, 1.0, 1.0, 1.0, 1.0, 1.0, 1.0, 1.0, 1.0, 1.0, 1.0, 1.0, 1.0, 1.0, 1.0, 1.0, 1.0, 1.0, 1.0, 1.0, 1.0, 1.0]
PartsCount=[1.0, 1.0, 1.0, 1.0, 1.0, 1.0, 1.0, 4.0, 5.0, 17.0, 24.0, 3.0, 1.0, 1.0, 1.0, 12.0, 2.0, 1.0, 2.0, 5.0, 6.0, 13.0, 23.0, 5.0]
========================================================================
LB = 0.0
UB = 8.674419195538737e6
time passed = 0.0010751472579108344
Lower bound: 0.0
Confidence interval: 3.894316716807747e6 ± 10924.922634193113
iter = 1
========================================================================
PartsCountC=[1.0, 1.0, 1.0, 1.0, 1.0, 1.0, 1.0, 1.0, 1.0, 1.0, 1.0, 1.0, 1.0, 1.0, 1.0, 1.0, 1.0, 1.0, 1.0, 1.0, 1.0, 1.0, 1.0, 1.0]
PartsCount=[1.0, 1.0, 1.0, 1.0, 1.0, 1.0, 1.0, 4.0, 5.0, 17.0, 24.0, 3.0, 1.0, 1.0, 1.0, 12.0, 2.0, 1.0, 2.0, 5.0, 6.0, 13.0, 23.0, 5.0]
========================================================================
LB = 0.0
UB = 1.0e10
time passed = 0.027801848583751256
Lower bound: 0.0
Confidence interval: 3.9029011698415712e6 ± 10870.578933697652
iter = 1
========================================================================
PartsCountC=[1.0, 1.0, 1.0, 1.0, 1.0, 1.0, 1.0, 1.0, 1.0, 1.0, 1.0, 1.0, 1.0, 1.0, 1.0, 1.0, 1.0, 1.0, 1.0, 1.0, 1.0, 1.0, 1.0, 1.0]
PartsCount=[1.0, 1.0, 1.0, 1.0, 1.0, 1.0, 1.0, 4.0, 5.0, 17.0, 24.0, 3.0, 1.0, 1.0, 1.0, 12.0, 2.0, 1.0, 2.0, 5.0, 6.0, 13.0, 23.0, 5.0]
========================================================================
LB = 0.0
UB = 1.0e10
time passed = 0.0556544080707762
Lower bound: 0.0
Confidence interval: 3.9029011698415712e6 ± 10870.578933697652
iter = 1
========================================================================
PartsCountC=[1.0, 1.0, 1.0, 1.0, 1.0, 1.0, 1.0, 1.0, 1.0, 1.0, 1.0, 1.0, 1.0, 1.0, 1.0, 1.0, 1.0, 1.0, 1.0, 1.0, 1.0, 1.0, 1.0, 1.0]
PartsCount=[1.0, 1.0, 1.0, 1.0, 1.0, 1.0, 1.0, 4.0, 5.0, 17.0, 24.0, 3.0, 1.0, 1.0, 1.0, 12.0, 2.0, 1.0, 2.0, 5.0, 6.0, 13.0, 23.0, 5.0]
========================================================================
LB = 0.0
UB = 1.0e10
time passed = 0.08354843947622512
Lower bound: 0.0
Confidence interval: 3.9029011698415712e6 ± 10870.578933697652
iter = 1
========================================================================
PartsCountC=[1.0, 1.0, 1.0, 1.0, 1.0, 1.0, 1.0, 1.0, 1.0, 1.0, 1.0, 1.0, 1.0, 1.0, 1.0, 1.0, 1.0, 1.0, 1.0, 1.0, 1.0, 1.0, 1.0, 1.0]
PartsCount=[1.0, 1.0, 1.0, 1.0, 1.0, 1.0, 1.0, 4.0, 5.0, 17.0, 24.0, 3.0, 1.0, 1.0, 1.0, 12.0, 2.0, 1.0, 2.0, 5.0, 6.0, 13.0, 23.0, 5.0]
========================================================================
LB = 0.0
UB = 1.0e10
time passed = 0.11144014259179433
Lower bound: 0.0
Confidence interval: 3.9029011698415712e6 ± 10870.578933697652
**********************************************************************************
**********************************************************************************
606.187629 seconds (952.42 M allocations: 45.579 GiB, 2.57% gc time)
