2021-09-29 02:14:31
Params: VLVA_QP 24T 50R
start_time = 1.632896169784503e9
Wet = Any[2, 3, 4, 5, 6, 11, 12, 13, 14, 15, 16, 17, 18, 23, 24]
Dry = Any[7, 8, 9, 10, 19, 20, 21, 22]
means_cost =Any[0.0, 0.0, 0.0, 82109.6, 2.97162e5, 7.3342e5, 1.12543e6, 1.18895e6, 8.71343e5, 1.86981e5, 547.545, 0.0, 0.0, 0.0, 945.642, 86170.1, 3.28475e5, 7.01962e5, 1.17037e6, 1.24251e6, 8.53598e5, 2.50594e5, 1334.77]
 =================================================
 =================================================
iter = 1
========================================================================
PartsCountC=[1.0, 1.0, 1.0, 1.0, 1.0, 1.0, 1.0, 1.0, 1.0, 1.0, 1.0, 1.0, 1.0, 1.0, 1.0, 1.0, 1.0, 1.0, 1.0, 1.0, 1.0, 1.0, 1.0, 1.0]
PartsCount=[1.0, 1.0, 1.0, 1.0, 1.0, 1.0, 1.0, 1.0, 1.0, 1.0, 1.0, 1.0, 1.0, 1.0, 1.0, 1.0, 1.0, 1.0, 1.0, 1.0, 1.0, 1.0, 1.0, 1.0]
========================================================================
LB = 0.0
UB = 1.0513457520831367e7
time passed = 0.0006887914074791802
Lower bound: 0.0
Confidence interval: 9.119870843815152e6 ± 15764.780355503011
iter = 1
========================================================================
PartsCountC=[1.0, 1.0, 1.0, 1.0, 1.0, 1.0, 1.0, 1.0, 1.0, 1.0, 1.0, 1.0, 1.0, 1.0, 1.0, 1.0, 1.0, 1.0, 1.0, 1.0, 1.0, 1.0, 1.0, 1.0]
PartsCount=[1.0, 1.0, 1.0, 1.0, 1.0, 1.0, 1.0, 1.0, 1.0, 1.0, 1.0, 1.0, 1.0, 1.0, 1.0, 1.0, 1.0, 1.0, 1.0, 1.0, 1.0, 1.0, 1.0, 1.0]
========================================================================
LB = 0.0
UB = 9.409290563477974e6
time passed = 0.0007071519560284085
Lower bound: 0.0
Confidence interval: 9.119870843815152e6 ± 15764.780355503011
iter = 1
========================================================================
PartsCountC=[1.0, 1.0, 1.0, 1.0, 1.0, 1.0, 1.0, 1.0, 1.0, 1.0, 1.0, 1.0, 1.0, 1.0, 1.0, 1.0, 1.0, 1.0, 1.0, 1.0, 1.0, 1.0, 1.0, 1.0]
PartsCount=[1.0, 1.0, 1.0, 1.0, 1.0, 1.0, 1.0, 1.0, 1.0, 1.0, 1.0, 1.0, 1.0, 1.0, 1.0, 1.0, 1.0, 1.0, 1.0, 1.0, 1.0, 1.0, 1.0, 1.0]
========================================================================
LB = 0.0
UB = 8.931824730758304e6
time passed = 0.0273469477891922
Lower bound: 0.0
Confidence interval: 9.119870843815152e6 ± 15764.780355503011
iter = 1
========================================================================
PartsCountC=[1.0, 1.0, 1.0, 1.0, 1.0, 1.0, 1.0, 1.0, 1.0, 1.0, 1.0, 1.0, 1.0, 1.0, 1.0, 1.0, 1.0, 1.0, 1.0, 1.0, 1.0, 1.0, 1.0, 1.0]
PartsCount=[1.0, 1.0, 1.0, 1.0, 1.0, 1.0, 1.0, 1.0, 1.0, 1.0, 1.0, 1.0, 1.0, 1.0, 1.0, 1.0, 1.0, 1.0, 1.0, 1.0, 1.0, 1.0, 1.0, 1.0]
========================================================================
LB = 0.0
UB = 7.73780884067567e6
time passed = 0.053831227487987944
Lower bound: 0.0
Confidence interval: 9.119870843815152e6 ± 15764.780355503011
iter = 1
========================================================================
PartsCountC=[1.0, 1.0, 1.0, 1.0, 1.0, 1.0, 1.0, 1.0, 1.0, 1.0, 1.0, 1.0, 1.0, 1.0, 1.0, 1.0, 1.0, 1.0, 1.0, 1.0, 1.0, 1.0, 1.0, 1.0]
PartsCount=[1.0, 1.0, 1.0, 1.0, 1.0, 1.0, 1.0, 1.0, 1.0, 1.0, 1.0, 1.0, 1.0, 1.0, 1.0, 1.0, 1.0, 1.0, 1.0, 1.0, 1.0, 1.0, 1.0, 1.0]
========================================================================
LB = 0.0
UB = 8.293845886749991e6
time passed = 0.08030076642831166
Lower bound: 0.0
Confidence interval: 9.119870843815152e6 ± 15764.780355503011
iter = 1
========================================================================
PartsCountC=[1.0, 1.0, 1.0, 1.0, 1.0, 1.0, 1.0, 1.0, 1.0, 1.0, 1.0, 1.0, 1.0, 1.0, 1.0, 1.0, 1.0, 1.0, 1.0, 1.0, 1.0, 1.0, 1.0, 1.0]
PartsCount=[1.0, 1.0, 1.0, 1.0, 1.0, 1.0, 1.0, 1.0, 1.0, 1.0, 1.0, 1.0, 1.0, 1.0, 1.0, 1.0, 1.0, 1.0, 1.0, 1.0, 1.0, 1.0, 1.0, 1.0]
========================================================================
LB = 0.0
UB = 9.053387089657964e6
time passed = 0.10676902810732523
Lower bound: 0.0
Confidence interval: 9.119870843815152e6 ± 15764.780355503011
**********************************************************************************
**********************************************************************************
579.886981 seconds (951.17 M allocations: 45.509 GiB, 2.63% gc time)
