2021-09-29 02:14:31
Params: PrePro 24T 50R
start_time = 1.632896169762777e9
iter = 1
========================================================================
PartsCountC=[1.0, 1.0, 1.0, 1.0, 1.0, 1.0, 1.0, 1.0, 1.0, 1.0, 1.0, 1.0, 1.0, 1.0, 1.0, 1.0, 1.0, 1.0, 1.0, 1.0, 1.0, 1.0, 1.0, 1.0]
PartsCount=[1.0, 1.0, 1.0, 1.0, 1.0, 1.0, 1.0, 1.0, 1.0, 1.0, 1.0, 1.0, 1.0, 1.0, 1.0, 1.0, 1.0, 1.0, 1.0, 1.0, 1.0, 1.0, 1.0, 1.0]
========================================================================
LB = 0.0
UB = 1.0e10
time passed = 0.0002506460746129354
Lower bound: 0.0
Confidence interval: 9.036690439923432e6 ± 15682.526370871305
iter = 1
========================================================================
PartsCountC=[1.0, 1.0, 1.0, 1.0, 1.0, 1.0, 1.0, 1.0, 1.0, 1.0, 1.0, 1.0, 1.0, 1.0, 1.0, 1.0, 1.0, 1.0, 1.0, 1.0, 1.0, 1.0, 1.0, 1.0]
PartsCount=[1.0, 1.0, 1.0, 1.0, 1.0, 1.0, 1.0, 1.0, 1.0, 1.0, 1.0, 1.0, 1.0, 1.0, 1.0, 1.0, 1.0, 1.0, 1.0, 1.0, 1.0, 1.0, 1.0, 1.0]
========================================================================
LB = 0.0
UB = 1.0e10
========================================================================
========================================================================
########################################################################
 
iter = 1
LB = 0.0
UB = 1.0e10
========================================================================
========================================================================
 
iter = 1
LB = 0.0
UB = 8.674419195538737e6
iter = 2
========================================================================
PartsCountC=[1.0, 1.0, 1.0, 1.0, 1.0, 1.0, 1.0, 1.0, 1.0, 1.0, 1.0, 1.0, 1.0, 1.0, 1.0, 1.0, 1.0, 1.0, 1.0, 1.0, 1.0, 1.0, 1.0, 1.0]
PartsCount=[1.0, 1.0, 1.0, 1.0, 1.0, 1.0, 1.0, 4.0, 5.0, 17.0, 24.0, 3.0, 1.0, 1.0, 1.0, 12.0, 2.0, 1.0, 2.0, 5.0, 6.0, 13.0, 23.0, 5.0]
========================================================================
LB = 0.0
UB = 8.674419195538737e6
time passed = 0.001053696076075236
Lower bound: 0.0
Confidence interval: 3.894316716807747e6 ± 10924.922634193113
iter = 1
========================================================================
PartsCountC=[1.0, 1.0, 1.0, 1.0, 1.0, 1.0, 1.0, 1.0, 1.0, 1.0, 1.0, 1.0, 1.0, 1.0, 1.0, 1.0, 1.0, 1.0, 1.0, 1.0, 1.0, 1.0, 1.0, 1.0]
PartsCount=[1.0, 1.0, 1.0, 1.0, 1.0, 1.0, 1.0, 4.0, 5.0, 17.0, 24.0, 3.0, 1.0, 1.0, 1.0, 12.0, 2.0, 1.0, 2.0, 5.0, 6.0, 13.0, 23.0, 5.0]
========================================================================
LB = 0.0
UB = 1.0e10
time passed = 0.02782064828607771
Lower bound: 0.0
Confidence interval: 3.9029011698415712e6 ± 10870.578933697652
iter = 1
========================================================================
PartsCountC=[1.0, 1.0, 1.0, 1.0, 1.0, 1.0, 1.0, 1.0, 1.0, 1.0, 1.0, 1.0, 1.0, 1.0, 1.0, 1.0, 1.0, 1.0, 1.0, 1.0, 1.0, 1.0, 1.0, 1.0]
PartsCount=[1.0, 1.0, 1.0, 1.0, 1.0, 1.0, 1.0, 4.0, 5.0, 17.0, 24.0, 3.0, 1.0, 1.0, 1.0, 12.0, 2.0, 1.0, 2.0, 5.0, 6.0, 13.0, 23.0, 5.0]
========================================================================
LB = 0.0
UB = 1.0e10
time passed = 0.05488238831361135
Lower bound: 0.0
Confidence interval: 3.9029011698415712e6 ± 10870.578933697652
iter = 1
========================================================================
PartsCountC=[1.0, 1.0, 1.0, 1.0, 1.0, 1.0, 1.0, 1.0, 1.0, 1.0, 1.0, 1.0, 1.0, 1.0, 1.0, 1.0, 1.0, 1.0, 1.0, 1.0, 1.0, 1.0, 1.0, 1.0]
PartsCount=[1.0, 1.0, 1.0, 1.0, 1.0, 1.0, 1.0, 4.0, 5.0, 17.0, 24.0, 3.0, 1.0, 1.0, 1.0, 12.0, 2.0, 1.0, 2.0, 5.0, 6.0, 13.0, 23.0, 5.0]
========================================================================
LB = 0.0
UB = 1.0e10
time passed = 0.08175610250896878
Lower bound: 0.0
Confidence interval: 3.9029011698415712e6 ± 10870.578933697652
iter = 1
========================================================================
PartsCountC=[1.0, 1.0, 1.0, 1.0, 1.0, 1.0, 1.0, 1.0, 1.0, 1.0, 1.0, 1.0, 1.0, 1.0, 1.0, 1.0, 1.0, 1.0, 1.0, 1.0, 1.0, 1.0, 1.0, 1.0]
PartsCount=[1.0, 1.0, 1.0, 1.0, 1.0, 1.0, 1.0, 4.0, 5.0, 17.0, 24.0, 3.0, 1.0, 1.0, 1.0, 12.0, 2.0, 1.0, 2.0, 5.0, 6.0, 13.0, 23.0, 5.0]
========================================================================
LB = 0.0
UB = 1.0e10
time passed = 0.10863142444027794
Lower bound: 0.0
Confidence interval: 3.9029011698415712e6 ± 10870.578933697652
**********************************************************************************
**********************************************************************************
589.470133 seconds (952.42 M allocations: 45.579 GiB, 2.49% gc time)
